23.8203794
16.59796659
55.15417264
15.0270067
65.46314698
47.40604346
61.34838719
69.43385893
69.95579508
39.40423335
18.12903783
58.66385563
4.571761899
94.35508246
48.20182516
88.74033185
86.35291155
49.90196391
92.36665463
41.40729077
57.91305912
39.15108557
24.76129362
80.699208
97.32005685
43.80947903
16.12105419
32.24825946
79.94062149
20.63301868
49.39210324
97.68813013
52.609807
89.78173368
40.39767754
92.16789101
16.53347209
31.98079699
7.5118401
96.87447961
41.46267136
19.1022833
70.90829599
35.49827004
35.36743915
42.40272813
36.54267888
70.12761942
22.51199731
64.743312
91.28095545
92.24960807
20.66509279
12.45261727
6.349239959
7.082939403
95.08544402
37.84282961
74.78032766
50.04168711
5.380663163
4.231701673
6.35879084
40.86753693
79.35248681
24.9161543
54.75432983
50.11262468
13.98209784
51.45455586
69.47665788
28.16863805
83.3677197
38.44779958
72.65305827
96.59276974
79.42251012
67.43355791
7.984969693
73.7707491
76.02177067
72.34807117
76.52470886
82.29186444
29.43867668
37.51574686
27.72186796
27.53435976
83.78484034
54.98741707
89.32007054
76.46736617
70.48008423
90.0568886
92.03080931
88.88578121
42.94702213
51.48847282
54.62219318
89.19308832
27.29472519
5.840134228
5.601218541
46.48307459
15.92244028
17.59105277
77.46921658
84.08109598
49.60512071
53.28707239
28.34308386
43.18919599
53.49114158
94.8921228
81.63335588
43.03916364
40.849896
15.53468817
80.80836425
96.42166115
9.606677474
74.60579675
9.16327651
23.19111165
61.32549896
3.07573815
33.38537863
22.51648783
35.1749485
64.88758193
8.838411363
38.03721606
74.91319322
84.61408829
63.07438416
46.2519316
23.70803225
65.06149471
96.53138412
8.117216484
58.82409695
34.51049466
28.21861045
22.37319941
62.12893976
85.56953028
18.05692657
67.8281356
78.7517525
82.52666749
39.43487569
50.42776098
90.50103492
15.03840553
81.80151966
76.14272633
68.01808354
46.5408591
79.86997434
80.15004893
51.25652974
78.41477595
50.23261662
42.72569904
58.85729106
54.89449854
80.06391021
15.89912464
2.036378358
26.50686698
70.10232212
90.92681285
6.264810198
81.20037461
34.58569627
95.00376105
54.14732727
88.61080905
32.47731818
63.59375414
23.67588898
71.63944145
91.32568359
10.20491434
24.10993167
33.17029537
33.27492168
2.906571052
34.25036333
34.66901634
82.50034386
52.67548448
52.68208195
89.59533765
32.21291453
56.87930044
89.51277193
79.64624302
47.66990086
9.528921729
48.60107311
17.65651211
96.12502902
1.368754097
77.27804352
55.23671883
89.16348317
28.37460891
44.35908827
9.368201851
68.77824765
59.33805392
21.43764082
97.81219106
73.41310138
81.00727085
25.28714297
9.077152967
28.17324515
20.04691134
4.746605855
63.27230177
99.00292004
26.87813561
7.494897198
7.830299275
85.50434223
9.289553169
66.98708801
8.985172221
92.34403929
44.71604497
42.01196038
45.86326318
29.84046644
25.73538724
96.13404791
53.51415062
25.52173209
84.87499061
27.56065892
85.73424662
97.95431103
63.76030176
12.0535561
63.53145672
95.48757979
44.98137149
60.94727603
5.602123743
34.20786453
21.26749472
65.36674391
96.03967878
47.42186071
75.33343145
39.22534178
47.44972045
59.18605575
5.39455708
42.32113392
86.68339296
20.61335512
75.77152234
72.80742714
33.35838336
97.72758632
30.12584216
62.35970884
87.38697502
58.57570161
50.94789764
28.81549858
44.19387257
59.57826296
9.527774042
71.88848549
61.8417599
75.54264943
98.78562996
65.95864658
16.62681745
19.14437767
86.18929499
78.60874092
98.03802092
79.32700191
44.78775227
78.97180909
2.130137152
89.15021141
13.45006587
57.31034967
36.86707334
68.22287875
72.36381923
47.12597277
9.132393568
40.81647291
59.67950732
17.55774337
46.43816521
77.51541908
72.32666039
61.94699493
27.84480839
32.74727195
79.94983092
37.70057632
57.13432061
24.19979416
65.04658967
56.62952475
69.03161022
36.32673907
83.64778696
18.01795728
8.19957778
86.77405844
77.90608434
22.56427485
44.88906452
49.74056893
88.84624187
36.30817575
38.83153664
7.398054282
56.26230388
73.46785625
6.3190468
31.47853429
26.44356234
58.99207305
6.048598752
92.67641594
92.80050427
27.81496816
62.42016322
53.42353985
93.65134206
26.84155376
67.70684395
18.98914139
48.93653289
64.17631982
42.67679162
72.61951594
13.20005412
62.91065191
72.15597394
53.81448001
66.48995458
56.52018961
33.63482439
14.84086618
68.56039206
41.58789679
4.713898817
12.86473941
11.38335357
63.42876246
87.95509627
69.90707843
96.22206559
11.37130048
68.44574633
43.11385986
16.82891764
74.7569477
84.4607812
71.54184433
44.89449999
46.0687599
4.082880814
74.21171309
92.73133025
4.02174868
35.20982245
95.71233856
36.14726984
96.28841166
29.81101034
52.72050859
17.42477628
46.89102437
25.01023904
15.64172926
58.44720564
83.46892131
39.83809661
84.09781793
93.04806256
77.54725297
90.48918701
67.05019693
81.68226521
81.21106183
9.611588913
52.12024325
75.27100771
70.09662085
50.35686493
33.9387648
90.94866888
46.62411391
54.89550511
79.67447569
32.43018588
76.76893288
59.39744915
78.48662939
84.6965183
90.16347465
29.12848127
42.72327195
38.91174505
53.69209347
4.50297184
28.80737001
30.58941461
3.424360212
55.0072922
26.00472058
76.14815344
70.29840776
13.81942109
33.56689239
79.26537397
36.58362514
4.518102545
43.55681142
32.41583861
83.96124921
41.89851089
74.52161445
92.67054018
65.04827229
56.40473907
95.87695259
15.66957615
72.09458366
53.26284276
25.83782453
71.67281049
31.1143818
20.19802841
12.69695628
1.946185023
89.00672789
73.28003442
77.26382633
82.19321103
3.4211014
14.78915195
28.1999794
53.88488168
75.56170101
69.17882944
78.77608554
88.91854854
85.42360575
85.22455922
35.85756291
36.07519902
28.93583053
81.96504186
21.90856872
76.52153254
86.88516107
30.02381364
9.009884277
49.60163751
92.82185784
5.76932757
53.16429822
55.33131207
36.36940128
27.89374633
26.7086064
84.65662134
50.00098817
41.31328544
48.32470675
10.5736946
58.99863701
92.81486948
37.27441097
21.99433196
74.72577944
93.43643148
11.91487169
45.67449091
10.2420093
77.46284731
45.23867885
93.07832983
90.89298717
65.15650675
32.77478399
45.03839479
43.6732269
90.70062931
83.71775691
41.8024936
94.26815683
77.1901033
95.74449294
98.92941048
55.42760969
4.870539056
48.46795363
44.60277982
59.58993428
77.33285246
9.637218496
95.01874437
29.814449
6.700891904
34.4518162
84.97309683
44.62173561
82.74404041
37.32148878
60.53026031
26.68308184
6.423177773
76.15259853
83.82263345
10.15843304
81.35064102
29.14463178
32.46645334
20.89542865
94.24889807
7.867973132
12.13782348
48.05888638
74.37026559
47.89231013
18.18092123
73.64883433
16.62720877
80.94844889
34.8053149
53.31748207
86.41358895
40.51837239
77.02041831
27.75378956
63.99931822
24.79058324
55.40174113
58.65231727
83.93204406
77.96377873
84.05284381
87.41464059
38.74912367
33.51590248
97.3337235
34.25065227
82.07576842
64.58400653
95.85729506
64.96256968
55.44744158
2.693106579
26.98019023
6.433142548
5.61712895
44.41723273
77.97366828
46.22001954
95.82472528
72.76654222
7.570706022
23.55200559
6.486338846
27.00429206
46.28627734
38.69511097
71.26240688
72.18124188
19.25437179
55.52154994
41.05456253
16.26070326
92.49869802
91.33323121
59.52796052
89.27654694
54.6478327
73.89565112
87.61258759
70.66764573
52.53927531
86.99029344
87.79520736
1.000990746
2.004134482
31.55489457
87.21242377
16.88899842
42.55223646
30.37017994
3.356146124
32.33896079
45.49238694
57.76350614
12.79427111
94.17332436
75.57550034
3.60743495
98.83732457
16.86662308
11.62553188
41.58881075
77.64224275
86.01241229
97.1043801
13.23694195
17.33463691
13.43512687
36.03909504
41.69825458
30.48336825
57.70238162
43.46214978
65.20423764
21.39933012
65.9411742
55.14445157
4.106299563
2.497321994
98.32148291
76.68184491
87.09731515
41.09281774
24.37576558
35.91258611
28.85198832
15.56659657
55.91238919
20.20756875
47.41059984
28.56245005
83.73329876
74.91964746
66.44671667
48.52829539
62.28227675
1.514255037
39.73762137
34.13712927
31.2596829
73.26499886
12.41986288
46.10014376
15.12850996
45.39871928
99.09067051
44.8262978
17.13861319
56.41221682
5.482602984
49.78979183
99.30160013
78.15140571
12.09524665
65.00330746
8.264004363
22.16416147
80.44209989
16.31471815
85.81976289
18.9911397
26.01829439
74.79589992
64.83791823
47.75884295
26.36312846
76.91717488
32.28620227
45.32824941
36.12444635
97.15669166
86.77433076
77.28382595
46.95087278
83.68851491
55.0749405
12.70893775
55.36664651
60.35976836
1.36321532
4.107712851
57.34046143
82.19382627
40.22759566
82.70419333
29.22379268
98.39989585
23.7546377
30.71586885
15.89276943
73.97747422
58.9208095
86.18086804
34.06036155
3.902391138
15.52498238
37.27167779
60.36837223
30.27265319
28.8647685
58.31283651
38.50545147
93.61316002
7.045241004
58.59749577
52.48198524
96.57776513
27.48003421
60.6037411
89.25520748
88.47698627
72.09224956
64.17744656
34.26971233
59.53907568
70.76588555
76.03260483
55.23387321
59.31390155
64.20834137
96.36029483
48.62037386
83.26245814
10.33480951
21.62629342
70.67294423
55.7671365
90.51591686
51.77526976
95.89286966
7.806442058
39.66209231
35.37396978
20.08873688
20.34018123
67.87976732
87.32296932
18.2461675
95.5066238
44.70480166
6.714809999
65.19554616
99.23194258
97.09430379
51.94912817
63.34143143
56.37803124
85.76084923
78.29415162
90.40885938
5.240864051
27.586723
4.254419424
30.46959681
68.70735594
25.84419925
63.13966873
98.59201383
65.47332839
85.38115592
41.44300738
27.28153315
33.37032546
19.15421139
32.44482908
90.31952249
38.93450919
11.17737174
72.14402965
2.320285624
62.66554079
77.06632257
24.12215562
75.57855452
54.09765997
2.796440494
43.10691192
57.79489895
75.15465937
63.19476424
30.26497321
14.68773619
14.47787476
53.47734328
50.95281986
70.51210416
96.98419689
9.215323114
15.93156403
81.31254282
22.78250456
6.12514903
61.10054618
60.31960164
97.06848481
59.66225047
50.05217485
50.14739456
56.6088584
61.60198694
9.8303827
62.497524
90.88939231
59.84576777
70.39605843
45.09467709
91.89692313
42.91930156
78.78150654
55.26305728
98.06224375
48.56283033
73.56876791
82.83553026
97.30600698
19.50089627
19.47658179
1.025593261
91.39481355
58.73571276
4.837186687
57.70826589
91.30673058
75.38526982
16.50307892
94.8948204
75.06700239
34.37364416
80.13190684
91.65653561
36.73415601
61.67380519
8.324381396
15.88028444
54.64052488
50.2704231
12.34661261
51.73314902
56.89000368
29.25630063
51.77070715
66.69850922
47.05435215
99.98567412
11.51215248
64.0535218
56.14416826
8.303655928
44.93766562
29.18672507
58.25814976
55.06591217
76.02637199
51.22489353
63.62176952
14.61421765
77.69034875
7.612188371
22.58338212
91.12718262
22.03822179
90.22802483
42.16901653
55.12501553
57.26742382
66.42468527
57.54188712
72.37570134
41.59478179
94.36667582
60.37508726
22.92276664
72.11451258
39.90277038
49.74430332
24.50280804
77.15424825
39.60845829
18.80826315
29.80243355
57.88879418
60.6092002
20.97080382
85.77151218
21.59902346
76.37200874
86.60691624
32.66366161
63.40150628
27.30422762
15.24941319
84.78068487
21.07202102
46.70151706
80.80086062
95.31655396
98.11042191
41.94757138
31.59959644
7.490345171
76.7068929
82.40303009
61.95988879
21.45965983
63.83800431
71.41437663
72.50161241
76.01942064
32.56727994
16.35497771
93.93016119
80.25816887
53.37986566
98.1703761
88.6690023
31.63603129
12.37400696
48.06261416
15.82412403
84.22210194
65.47568258
10.1636395
30.18541395
85.56958662
91.23546059
15.40379538
35.99619608
40.22238475
58.71204084
23.38162099
15.9658223
44.10839486
23.11269109
44.58293682
91.40727951
45.88711827
70.65962916
88.95826995
36.89226447
19.60922097
50.39455593
52.84590783
91.88506051
98.83620561
48.0324358
75.38132936
83.42912577
37.60586778
99.281355
69.96027961
98.94453645
28.90846645
28.24793094
95.9549791
7.318087568
74.57796495
95.78871405
51.27791091
35.69151003
14.38822478
60.13217972
64.93192532
44.17011329
51.97595265
52.72733095
31.85199867
64.1539731
79.56176432
66.18960722
84.87796695
74.5080318
68.75251661
64.48705417
18.48910347
69.22017823
71.37520924
4.325606193
48.30601899
62.72891468
58.60483396
44.76404948
97.63699688
75.53080622
93.066006
44.28842429
54.74501652
83.91379402
26.29754229
72.07629944
41.09376491
81.33988937
78.04802554
2.660775715
11.05940146
75.73614922
13.15683908
78.95030669
50.35950424
1.259754266
9.640240992
10.22938439
23.60214249
89.87004099
42.99519487
6.271013788
46.10854368
51.64364804
63.40559563
33.19445433
70.6846879
62.46838495
89.84829168
40.10162574
63.9000051
67.50392344
4.619751599
28.84074951
55.42682576
24.66188903
14.26411115
4.907392404
50.23341005
32.51600052
41.77192395
6.043531923
74.18747024
15.84289638
68.8791649
28.5457015
37.43504377
40.78161796
48.01805348
85.6704658
9.094261548
92.15167354
14.47407967
8.551586629
51.3329598
54.85655097
47.36321549
30.14593873
75.86800759
76.82954145
24.83024657
32.84670689
3.019522881
10.50013451
58.1497054
76.41023405
58.28755255
9.347923528
89.57358267
24.60594021
19.93199833
40.31909919
50.29429626
9.884257565
94.25035137
80.01632329
6.733303237
17.20543665
95.1799937
67.05321906
77.69273604
62.34148778
95.68810304
49.79515921
54.75755441
4.783441362
87.45272209
83.05999943
56.75377893
31.06928629
93.02622558
56.351252
14.21563737
42.86870949
14.78991196
67.84329585
38.77993273
30.23817626
77.57972932
20.60265439
47.229009
77.6265682
95.88558513
26.41293228
25.60946285
73.30399358
7.280985064
63.57752104
62.0767887
99.45315362
13.65755089
53.80822292
43.78219512
36.08108777
65.96003189
86.96965396
62.35434335
58.82066176
67.19818831
50.66880006
26.06308541
34.08796596
28.56197149
34.84920602
50.46471721
64.93070277
19.36034017
57.63395334
94.43976977
50.32276219
52.18413506
39.68744816
84.22749856
73.05468849
59.83621857
10.41213788
12.45670446
93.19413852
7.419150272
43.95605011
16.86157263
75.05439153
91.29645238
14.70400238
20.04603185
56.43230854
50.67783507
68.97060006
88.15236265
99.45909011
64.70121435
29.39860255
46.88099681
80.25343092
86.58064173
67.61320435
57.83884967
67.03730028
98.73295221
97.7385459
4.529476412
43.86278893
48.3101058
45.39588499
91.69014036
18.21898
33.9948841
28.52809646
19.94300453
26.23065198
47.03679354
28.89034822
82.16878837
12.77042446
60.42426944
5.717057704
69.73279712
56.73432967
95.82499506
48.92102737
9.6073356
58.1186864
77.40232712
9.464169594
9.122602162
69.97820088
52.0100152
77.11002696
35.17099369
54.91891057
32.57691009
74.39414027
66.14166793
28.7017415
97.43785624
65.74763443
37.49027267
25.79786609
83.84079516
59.21086334
16.73556156
23.41120794
19.10073324
88.07603198
69.94672647
7.283010674
27.82597007
25.26330052
84.37427251
76.70020415
1.45254254
7.743452227
42.41356996
16.14273229
12.77944318
60.48070183
69.33529414
12.66323102
23.30107754
80.04624591
94.82736682
50.30887976
88.63271832
78.54724815
57.04458247
80.32978853
85.05952362
64.94107224
25.07883941
66.68986006
87.28198559
89.7737301
86.08864156
75.6642451
22.25004965
25.9195277
17.10988229
6.270920873
28.27063491
87.41571823
21.6553515
73.65880291
36.93774441
48.27118213
20.80818412
52.41823915
12.46520831
91.86279055
50.77472788
52.60338574
26.87368
93.89971758
53.84050955
45.37383983
81.07590623
60.21621259
49.34149585
53.29027384
91.87114648
39.07192696
15.93990243
71.15815191
56.70105832
30.16503125
27.01123834
18.49737808
41.26196611
82.48092428
2.776655075
90.68105777
65.49026422
63.0224592
79.22778833
86.51946798
50.52766703
44.87401439
27.86844122
59.34244748
29.09639924
17.83730144
42.35618878
33.78193626
22.49086267
54.41158587
14.35499437
74.22224718
70.87253395
96.20014422
18.47422167
58.52779612
49.09658538
17.01580934
13.07722414
60.96499741
23.23051304
12.41919501
86.8943976
68.14685364
39.2872181
28.48849664
55.12393182
38.42538052
71.64186089
28.57921921
96.9510514
65.29560189
50.79929301
87.97883358
3.900419219
75.18732885
7.4981313
84.10500844
54.09211996
73.02560219
7.238851852
59.54733698
54.4022579
78.10575848
47.72060148
50.89813298
48.00584176
42.17831961
87.36409738
17.33301686
62.84098514
47.62842574
74.98938638
63.7592298
59.90521553
10.77757576
71.82653021
48.70410586
13.50485081
58.12327472
47.00718009
61.96684724
65.54239151
74.68470739
63.35018788
24.90526566
24.57963484
55.00229452
50.89955519
42.14149922
77.47873365
76.5630213
15.00804021
90.1491228
47.14117709
30.40075377
88.60470441
9.320632276
18.9972931
65.70598599
45.32447888
88.03091566
97.72197975
20.26120305
43.10975262
93.28693179
77.24644251
89.43585642
94.00646239
91.53627574
57.72571066
86.48896282
63.41823779
7.373302897
79.03311037
2.734352856
65.11527175
17.0887539
70.94173327
42.20368703
25.7778826
36.88973356
76.5768841
61.06253881
66.77229604
25.26240944
35.47747762
52.10860925
74.50340155
29.9083298
74.19399158
36.03621786
87.59132904
3.552041223
89.30940786
13.29594039
59.95511319
39.75259311
94.19951249
89.94627457
57.64571635
26.48224918
13.32762238
36.8334586
19.88951103
2.455593117
53.34509838
5.811354006
92.68426568
39.86899487
46.87871837
68.01295334
54.49274345
83.56952146
37.07196618
41.13009132
35.8904166
29.23146562
14.19629214
95.82241428
86.8461412
39.99685018
3.251912935
25.35654154
5.206410922
63.77805327
32.22757651
37.50422872
81.8459606
45.53643956
32.82105596
55.80118561
74.40423317
62.43625115
92.98564878
37.20035259
54.76438948
49.349187
63.87187547
81.45233191
44.60118058
55.04873631
20.59828641
39.91402005
14.1329563
79.65499049
50.8601352
4.106910609
55.30212395
39.66384879
7.779308021
22.92770202
76.17205163
10.9129299
60.99176525
46.28219146
19.47296122
55.3043617
37.26550025
41.04862395
72.21619367
53.6219806
3.771254391
60.01330374
62.5990857
37.00434476
23.39239235
95.58158775
4.837462332
4.687361358
18.95146884
90.92580036
9.785152344
48.24847854
34.5253732
5.331879687
87.80004597
94.37461594
2.058230238
82.86447835
16.22477721
66.08924205
33.00660777
91.70827738
30.37246127
30.97556737
8.621368788
86.50755554
87.40202177
33.84647536
78.19355167
59.28619497
77.24040597
94.12916619
91.60824161
74.43547517
99.04624278
37.79351799
69.55547607
9.762291952
26.32393759
99.3982453
13.32763984
9.240566477
56.49474791
78.34626389
14.82053304
36.88890591
27.28374118
46.62651504
69.31935338
59.09447772
80.86295588
43.97796338
7.866471852
58.85880615
53.84582374
34.18589094
25.17133326
90.03944626
94.02735141
32.39005541
12.95564882
65.35335228
81.28846769
11.82916496
73.73774207
33.891851
40.52407062
37.10021743
26.85350989
86.89474102
63.84249864
33.69201825
52.83637289
9.795858009
84.17078168
37.1870796
84.23933876
24.32864573
1.092841891
48.29157484
34.19283506
78.33710575
37.50723751
76.42877486
71.22794106
91.25628999
34.47768726
41.39233408
85.10125047
31.93885159
78.06935568
97.31669393
2.371101731
54.74852258
68.41055761
97.42737656
22.87308261
11.22665154
2.022573101
95.2091691
33.62024831
39.65096967
23.28158491
67.87314902
91.33452882
98.54612425
52.17760861
59.02537279
74.40903469
67.90585019
71.91748083
62.55758195
34.65313208
56.19908857
41.43847482
60.56608079
31.16058786
34.17839283
2.735149201
83.30675788
88.60425962
1.739211747
13.40648615
14.40124631
76.33243264
96.24197195
65.13536628
64.64068854
87.91068814
66.34897582
87.74959218
91.10609987
9.72765006
11.46050673
56.72103302
77.89029788
94.43623616
13.548106
98.45555377
17.74587541
86.15325086
52.2177759
33.60923668
15.13721684
59.99460957
86.66280313
61.12607633
31.24420932
21.08680476
66.06499549
3.338891863
88.05664867
71.55158464
41.08971503
35.48798105
82.45953061
67.45036184
51.99469712
91.95081413
91.47872913
66.54187169
86.7633585
72.74166846
7.291587965
79.92457683
31.9552334
73.41800641
30.43021464
16.91040873
12.88529909
80.34724235
58.60099698
42.62120006
7.633114912
56.51911612
34.73028891
2.270641199
99.88272132
37.2519942
78.09518591
99.03038197
6.812945066
4.157264177
62.21864908
21.56113558
77.47344298
96.09389355
62.15777405
27.57520686
24.33487618
20.94528822
58.85282772
45.58506751
67.21148936
18.7163947
37.15236742
10.45834295
36.94776631
74.29234408
7.886615286
49.98622851
87.55962267
67.90819299
47.20643097
22.92831254
84.73220228
46.7853021
50.64267444
34.82890165
26.6716314
70.19709684
24.695651
75.63531652
67.73923352
79.2227565
64.93370217
30.4059851
27.42739044
86.7752767
79.64744201
51.11450959
66.21939723
17.96235713
9.09858694
45.91595428
98.48822374
92.27165274
99.0569167
11.39175412
71.23303381
3.244692352
87.81133509
5.779346279
71.65082931
77.37069203
23.22718883
19.66327972
52.8668367
96.95508682
81.16382797
44.789787
47.62398126
45.776535
10.10930069
18.59889917
11.80481554
84.42805572
59.23787147
10.72970941
24.83560812
30.50029189
49.44981297
27.56071967
23.04791909
48.54082464
22.99285221
85.67954254
56.12990489
54.97463992
2.019497278
75.28790277
20.07685698
43.91670045
37.74454896
96.58144897
45.76043577
34.07589939
92.08457574
96.34995603
3.714398031
20.84434965
99.34758507
93.44156758
86.80983873
12.9894155
55.97090122
77.16297789
52.1914155
63.12374765
62.52017866
8.552233403
98.37455704
41.13028864
47.10424965
76.87172729
50.25968253
18.58785268
29.45460592
2.524243621
3.56922459
89.36278068
99.84399275
78.78831617
39.55175644
57.1689878
60.2735484
87.81712215
12.71760286
52.81216707
93.76696822
79.33773538
13.12139416
38.67044089
84.24414246
60.86581404
80.5301009
25.14285759
72.04671225
71.84764885
8.340436953
21.82919294
99.92266707
7.967727362
37.24886277
81.32900105
27.00677669
81.98862398
79.03861547
73.66873442
81.36649507
39.87801487
2.5356584
70.60299235
87.70108246
82.74165755
44.72732791
89.43639327
70.00321217
89.63411435
35.91846492
25.07212801
13.79678765
67.13492332
38.66359247
38.25074026
30.00773621
54.49648837
18.29704163
35.56881645
34.25376674
25.6350146
13.65964247
40.88358038
39.47424648
53.73117465
75.08825912
88.62184869
54.51361491
12.94947019
17.47757833
77.07293165
88.66239096
22.0059857
19.03478581
10.95447541
80.49334765
66.64042799
11.94133262
4.667658018
93.13688232
84.35377623
93.31772644
70.02951613
59.89658738
49.14711718
75.91614172
8.974102479
80.78435247
46.00525047
50.15575248
10.86242155
96.41211524
95.22411087
44.22596445
86.20157205
74.63866221
55.99100481
4.074153648
58.80753027
78.95308797
31.18285432
82.54955257
12.28060665
68.36548926
19.35553808
80.87522093
20.22521785
40.16506009
89.59650188
17.88778952
32.17202827
49.44663332
84.55266249
21.37491572
43.29388195
56.92491986
22.47607825
37.71449206
4.721517215
53.32776076
79.31726662
95.03905013
35.25252457
31.21902659
63.74832931
35.99233578
81.8255761
60.08845032
24.828451
6.580978435
6.584682524
85.60665353
48.06583227
41.40343811
83.20826076
53.98376306
60.58339178
40.77712113
75.53939644
29.39210003
92.76201404
74.33739541
45.77375612
13.44248396
21.43998002
47.3663411
56.08751328
24.28350414
20.68001287
27.58281009
50.50284094
45.59211745
9.420416915
25.78740965
70.17572051
48.75422466
28.14782964
49.41349477
1.946854046
89.79074075
12.82713029
52.9762731
19.19316612
23.02298153
43.4801264
2.958947799
8.2365631
48.21557277
77.23674705
91.88115984
31.978499
17.84116739
18.48864366
73.38818318
14.31004455
14.332087
48.63410056
99.66144747
92.37422841
62.3632398
74.8938927
97.14158849
25.30278196
57.05614902
37.55877337
25.73865721
7.712275403
5.252389342
24.93223047
40.64497707
97.03905486
58.28027468
22.15712152
80.03723396
16.01812426
82.01965021
43.53836354
24.29111784
19.87444948
18.06769094
49.06326503
67.7136348
36.20350188
94.24714827
42.68758369
59.22150211
66.38613572
75.44011367
27.74003543
21.3669183
51.96514347
85.87392408
61.90522167
28.4725567
38.95551697
22.30179388
29.75884838
62.35524976
88.12371836
65.10868235
68.04543679
10.03132882
27.32824479
5.268023908
10.77608794
47.01965146
1.74269382
44.31567508
89.81592612
19.43334421
97.21162726
87.29317037
20.82477718
18.67527179
97.534272
34.2302813
64.16664081
41.06214139
83.66316515
55.17946822
58.78927324
27.90621555
47.43912478
8.330841059
36.3151129
6.638914187
28.50502344
32.44285089
61.95708941
70.89558652
56.84752326
63.72894848
34.77596834
47.16952262
28.62931191
80.02785047
42.99069279
34.25687976
60.50478905
40.1380236
6.924122889
9.550107185
54.44241008
38.39456578
44.16169985
60.94419393
95.65607795
82.39909703
47.46674081
47.59516001
14.04282777
37.42573414
40.38431046
75.24890584
80.12592454
78.52753318
17.62525735
16.35427312
51.99831713
79.4051534
95.73168567
22.10544714
4.893067846
55.41279336
71.76041414
54.22487563
49.57539699
23.16303677
2.696246489
30.81648293
71.8211879
36.32502877
91.52795694
71.35477872
90.68107286
66.76307978
60.90317996
39.59352732
85.40694717
15.34078731
29.94022736
58.07137533
80.32680635
80.30978146
3.721056593
99.24920608
58.80258007
52.75617947
37.73015237
42.99810834
97.85938596
23.44123618
30.12674673
52.75088339
5.636583497
78.197001
51.4042553
89.13731282
90.58887082
93.17694822
34.02962355
76.45353872
13.48445269
92.11418272
9.137472297
53.04360337
70.47878476
25.14908381
94.8752252
9.429863255
27.12935976
32.81134232
75.48352473
41.26922401
61.01912093
6.951435569
96.46847394
40.30118738
93.78822787
62.98712448
76.10397511
38.61182057
42.06680388
64.94453251
34.468023
48.89481223
73.18107904
80.54528855
97.38220737
63.13787892
17.10641362
2.833870527
98.10760574
17.31000553
75.09932451
51.068638
95.6199187
24.49453066
3.755757769
30.71459656
84.06268809
45.76336964
53.51704608
87.43610405
74.72608951
66.02957351
99.11281614
17.9037279
14.6064893
52.160239
5.096013183
46.74785517
67.47952399
43.17855186
90.28284944
68.13146513
55.14371732
3.873475693
10.35285869
62.38837882
49.12563432
2.575703799
66.38158304
61.00533289
81.94964049
67.55982166
55.53121775
33.24240237
14.0644673
8.341178953
31.79850921
97.33612457
22.63001847
69.68304431
69.66285761
27.65111165
26.36239898
31.97517668
63.99713419
64.12196832
99.95175365
39.69854023
62.55184204
70.44520427
49.34079856
2.894752942
83.62985763
63.06029894
32.88448176
48.38309253
39.61093304
39.75103023
55.18424313
74.42580018
42.36656175
39.19075349
17.430362
11.70271963
13.58409195
12.75610268
54.93811431
96.343255
95.80331555
73.72261291
52.87636348
52.10762762
77.90299021
79.81332121
23.01953821
61.25339943
52.88923879
57.78158655
71.63577227
69.14016942
67.36257239
6.230626773
80.52394905
19.18911987
15.92811429
70.9943132
97.22833021
12.57280939
48.66337686
59.91408301
52.8612013
53.1675653
50.53059593
43.91313029
69.332759
72.60696077
59.99002195
2.369324472
50.31248153
80.30185225
66.28679584
63.20917661
82.45474479
47.56495272
13.63266863
33.43675604
61.38396327
32.98944416
22.17406374
72.74779885
82.88100752
63.67798864
29.34546698
48.78526518
82.56453689
63.41478997
48.9891964
80.54618446
28.61431
4.397595096
42.13629658
8.467724814
80.45983745
50.74970764
62.66452758
70.23080829
56.66845061
25.68688031
77.10406715
40.89561204
18.11518543
71.61358794
47.38027731
43.54972553
17.83666957
56.52068405
8.169830094
17.0846892
2.950455535
24.17264962
62.26348644
86.1831919
89.1860089
66.85154087
44.6967606
58.3238197
60.31873217
4.580490098
99.24856791
70.92005476
43.47233406
32.58053472
90.09482315
3.437293518
94.63822109
71.53586961
88.41302588
48.60340316
48.78469802
51.93319186
85.93005765
63.35712637
73.35763301
75.47113281
65.81466551
8.409390427
18.22134318
10.09212679
15.10493672
26.56119061
54.37153927
75.99813702
9.352557163
3.063605414
8.969869257
22.479883
45.31086419
35.67761992
67.1447977
85.53571165
3.37374112
81.98245633
61.45620576
85.16760676
70.31606927
44.55671739
32.91260741
3.521955796
54.68228089
30.324531
52.15858304
21.19835303
75.18672483
66.0962064
60.93619079
73.56945216
24.95908173
71.95291282
20.60996038
57.98683694
65.0443838
61.41866341
73.96553212
38.49418439
83.86188117
6.100547852
52.35485696
62.92331221
16.07554578
86.86358518
11.80098497
11.37670889
43.71845493
34.81538239
2.357259895
79.79144989
15.27621377
60.64573287
38.04992321
82.42964768
17.52806284
54.17621216
73.03713239
97.94190814
58.01237902
42.72941726
63.68501603
51.7007738
73.55110667
31.2316801
73.39847033
27.3060711
8.623567828
35.42674499
94.32636695
90.489032
31.25362589
38.08329299
45.59644331
7.429348915
15.27154736
95.34234054
43.76185814
12.5635965
44.92774223
12.69463611
84.57757876
49.16025992
73.58805245
19.61263497
66.47599027
32.4687104
16.79382905
99.37797323
10.12551338
65.36746591
11.37863068
84.88011306
9.872282165
76.76570536
63.30320677
69.00876923
51.76567016
58.59950746
44.01364438
9.042632667
98.95940035
22.94908938
9.451324233
65.92755126
34.78777113
17.38376662
26.91913021
39.21621683
41.1499638
22.30732813
14.74955844
65.42792723
49.75134951
99.91021254
69.30985534
98.79809626
58.28798031
49.70016439
25.81005726
74.43568468
70.10946565
48.30726457
64.65920088
85.12836349
50.53133395
22.9697183
22.79899328
5.050739454
54.5700041
51.72786504
83.64582472
27.3286782
63.355911
86.99521897
90.11540783
2.455818461
49.05923431
93.11399341
20.66204005
68.65186411
24.98737885
58.82839347
53.351893
1.849478639
99.316652
13.89093339
30.44720037
26.61650234
76.35491145
32.05529824
29.38908002
2.774630422
3.899670228
65.8373766
38.31748863
41.54488145
3.101678924
77.4330475
11.41695005
89.93244278
50.5371874
70.93505259
49.12313807
51.26861861
67.63458736
41.00522481
65.44743088
92.21781065
20.11745891
32.18895911
92.66366481
24.04386978
93.82427088
60.82206384
94.37368282
55.87761948
29.66977232
20.88862096
75.91656301
21.23484069
41.53636162
52.73763186
64.47585098
26.54164588
91.0883238
90.72140377
37.30258659
22.22022659
61.88832173
97.15701284
29.72756008
19.41526785
95.32733643
49.08627462
55.61013644
89.32149332
41.89215691
3.063217948
64.05628532
72.40472328
32.14367594
17.94864432
51.39414652
68.19181659
48.51607076
22.54040221
91.59607088
11.69336022
7.166476136
6.114849812
2.277370808
49.56099903
73.91246536
78.60430485
62.87303635
72.63514975
87.68805521
35.78351736
26.02826176
53.52816891
39.59521197
64.16076659
60.06610432
72.06928013
33.65287871
29.0939465
83.52574492
40.21592211
82.83154569
89.96963276
14.7288579
11.51770353
37.13996538
54.13299973
39.34452559
90.30813288
53.04434176
54.71330098
44.86622261
2.734679412
46.67070116
24.76467391
81.52245215
49.89146222
61.86089226
90.90212678
67.55115075
1.283327814
20.63345685
75.79305704
45.16901941
73.10934581
51.08598317
65.73929342
97.3769251
76.71661792
12.21422441
24.46657388
31.08577337
19.15113903
98.19163976
17.2533607
84.97219848
17.21085855
11.94708192
51.41275521
56.89323664
89.99722521
19.60577148
6.187531477
57.32354874
8.717518091
26.43707107
15.29990062
90.28515005
94.04763532
3.285884557
96.85769289
16.77108774
53.90200287
44.63417053
30.94947632
82.06795465
77.86351633
51.75673198
38.39814783
6.311674565
18.76035173
31.08202892
29.66827016
5.164783122
64.57623916
42.51127711
60.66324536
55.90422291
46.4099514
72.8517137
63.28914098
7.027032424
31.92594187
72.82583221
34.84343183
99.70946593
34.73829579
89.15879014
73.23814448
85.5995374
4.896550056
26.38870534
85.39418307
62.35666555
54.16787316
25.92463091
14.14699763
70.84898344
62.32744144
84.09207925
84.44064244
9.660765539
43.22337015
23.71936189
38.01608708
82.31711327
48.67078365
38.31303522
46.99503003
5.210953041
66.1196391
73.96083066
76.28761217
32.73789019
93.74531742
85.97323915
84.14824563
51.7281578
10.87634084
69.7341119
3.048396125
66.29947826
20.80444102
31.55811896
2.816517409
53.14053351
9.126801677
14.02448012
25.65300428
85.73080412
53.12792255
40.00512783
55.78384961
9.688581639
70.01374269
55.06275902
96.80690479
22.2106499
48.62650857
82.9202931
58.87998593
54.97375552
59.34765123
1.618951632
68.28683568
10.18458863
23.04149177
48.69695558
22.85496822
56.99351414
24.56615255
66.50298499
97.99071962
70.96657868
39.78233291
16.08566619
23.41381997
12.2772762
99.60703544
92.46896407
54.29392881
97.07488683
38.2957962
70.09673863
58.18268681
19.1963842
35.58005458
96.0599222
68.79006885
90.44870842
65.27268327
15.78433599
26.61516035
56.89639849
55.4202463
17.42263354
59.12812781
19.25519063
92.56665686
94.87524172
31.41439166
92.01369849
92.8397836
47.01442693
96.18943866
8.596400553
47.67881586
13.54304523
16.90242349
93.42819155
18.57609446
78.74743425
55.18750475
18.00064293
37.95944962
96.74855148
52.83109388
56.95370989
36.13036973
13.88390358
36.95760123
62.12614482
12.16283641
59.48366241
83.8077738
26.16398448
20.53264918
73.45232866
50.09661105
77.27252314
42.96279866
37.81244993
79.18873064
11.25486302
35.55198616
65.52217238
72.01527902
72.98188068
15.93859303
64.44628549
52.77105314
20.48587284
47.35047046
10.34736074
42.92359737
87.26704845
94.39211653
26.17434519
14.00311246
22.89289084
60.63957266
51.07055976
24.75933575
53.14506741
56.4872438
46.01874648
45.26064682
84.46108609
70.64399144
95.57978162
65.47853892
5.19538016
80.0342746
35.29993109
69.35571254
78.48061561
87.376895
45.50860567
28.44564728
20.60164717
63.30706916
19.40642411
14.67559838
42.61585253
8.740801829
52.62319641
73.4653755
74.48494637
43.26952691
62.90182836
52.24580538
36.33107838
10.12885754
53.75374558
5.361396726
37.19532019
61.88949035
32.94478524
61.62477872
58.66027672
49.95641804
2.57797577
24.48607595
26.7960396
78.54204138
17.05412232
3.060292242
72.55180027
94.97945667
29.5893645
70.37990259
16.74929563
44.36876145
40.15824177
33.12648976
36.38479009
4.192934292
72.16816875
83.16641057
1.491238662
18.57168887
38.28376793
65.10163561
34.37113999
66.99936507
5.015093503
50.29702317
68.46319675
56.03173833
45.84454206
58.89318356
19.13472845
94.9645887
64.56929021
8.010196825
97.52733274
74.42205758
78.77333394
79.41841929
40.83161836
83.5460771
95.42034672
34.60207702
87.84086817
31.91449764
99.58004877
28.83913443
26.23471478
89.13843021
12.66686313
69.60480672
47.17268737
9.431276679
22.03922225
53.90277484
5.060153788
40.49892306
29.75388595
37.24222834
94.57844238
1.486025316
96.40076204
1.904354068
21.78871139
56.72172772
6.062562287
80.3275567
84.32696449
48.09259109
99.11811644
47.02123015
52.38663517
91.21867926
16.2921708
90.93403065
53.47555513
29.24565559
13.09535343
76.40422731
60.34856523
35.4602398
17.78858451
21.04057483
51.58602053
1.210996717
85.70804204
74.62124942
89.24404474
46.05714964
63.74716214
8.894035099
71.52561232
98.82918435
74.63518548
50.66177492
47.79758893
56.23391445
53.06584119
51.03826722
52.34308078
82.54214032
81.25721337
62.28081939
83.43093567
54.78855532
60.09510713
4.388148392
22.59417718
33.17483552
56.63790232
26.75985056
10.24753108
97.42623929
19.1869669
21.24995095
29.43302846
36.54522004
46.11970514
39.46297694
33.77888039
97.19996077
99.82339974
98.7441655
83.57902924
72.06120419
41.44767265
50.00665883
35.09295093
20.41931694
39.64736848
2.901584311
76.41632114
69.97040748
79.12005857
5.621936532
85.82264724
11.54542427
61.93589579
37.11758791
18.18320794
40.87045557
58.45409489
84.16787268
7.733845968
10.9175
47.83365392
28.67782328
49.17072869
13.21372208
21.97457386
23.48885382
99.10509159
83.21962332
18.81844812
93.51234612
15.67973307
26.25971119
78.57867788
56.22003266
86.84803984
77.99351312
53.3145564
8.931344847
9.499468853
96.1430663
48.39265475
22.88906401
52.38974894
50.46655108
22.67872394
29.48288374
77.08073434
19.04503486
58.5794143
90.12894052
67.26456962
32.12289493
96.20558898
58.27285893
91.44341025
88.06897148
16.64460387
96.15485493
79.77890374
40.42542273
88.75156528
7.890482272
15.607986
37.10585695
41.62048272
99.69428544
13.96854607
53.46026087
44.58505329
81.4927911
9.015222193
12.86781709
57.19426095
12.22667618
59.76774335
70.74839323
6.897633498
34.83422688
71.82152886
21.81965835
9.9891518
14.14684484
79.1422227
65.6402592
21.6484736
9.431143947
52.00730791
8.983523849
66.09390741
94.79845659
31.64999202
96.66844518
41.80092769
99.80722078
80.25602993
57.46297428
99.14346173
83.78156393
3.295445893
17.6910033
12.28254527
11.64512189
34.73495491
48.37386433
81.5135188
11.02541033
39.82704382
99.70058772
27.47251117
22.13516188
69.68010337
37.81883391
15.12603511
97.41147019
81.89613484
83.93537293
98.96603773
51.12307375
69.97931151
52.84081778
57.20887863
51.47797833
75.58603096
94.08056173
52.53849048
57.35906384
81.87046677
44.44337388
2.703077828
10.58070537
33.32493336
60.88364614
80.55919403
25.03189616
11.05324608
70.09209351
70.15464856
14.64805304
80.46926777
87.37402168
10.29216736
99.05518044
13.75022636
3.787452208
58.59801901
47.91763231
64.79850085
45.96975182
71.94285019
65.92773138
26.68346039
12.04424369
73.79968766
71.33664848
25.81926343
57.92412944
21.99990572
19.75480789
57.35588869
16.01978901
91.18758741
21.12120149
29.65064918
35.97734886
80.42365426
65.30204872
15.05111617
89.00829211
93.94029353
23.56882944
33.10418957
58.73319923
21.18971662
59.57512254
60.44683008
2.030446461
89.6873062
81.14824851
77.52395581
49.85316408
8.039434556
48.16422937
45.78314893
42.96260274
34.28808869
53.14572382
53.17721548
18.22236376
21.48620526
20.57673141
79.76637627
92.58224734
92.43443719
44.89961723
41.8671472
12.19531375
65.06419138
27.52021008
81.32443588
60.56691886
53.48020269
14.45246823
48.18092681
91.39386487
67.03763517
48.29176627
61.55981677
55.96289567
70.91981879
9.620521057
49.40802844
5.73941656
91.69721432
26.03772325
82.18741664
90.92428067
94.60972456
8.490191752
35.55721997
27.56811486
72.81989172
38.86479912
34.76549998
26.74402223
38.9246406
21.10762188
86.22277441
8.642455749
9.864301589
86.55494142
33.574728
1.52811055
21.30027884
9.961301992
71.0982822
20.74742837
99.99208619
56.99424194
82.68523274
37.75661984
69.14950119
94.45781349
39.46040648
18.68598401
2.614800791
49.59554226
53.20234127
17.07093088
62.29412229
77.36817137
1.132359737
12.54386199
28.07822202
1.421183091
67.48556698
79.59898578
14.57189864
51.00658817
17.88816103
38.41245821
75.32653728
44.16884164
18.47948666
12.60867228
54.60262696
83.52331365
23.24644276
8.650102095
21.80538479
49.744869
34.42244022
86.63536268
24.57782603
53.3533916
90.83851651
33.96065711
83.81166017
16.12697298
32.75136884
43.4875859
15.7793929
25.84336988
27.02360785
87.12055687
57.97288617
8.531766226
29.04840783
96.52871643
38.09575494
87.81287957
82.89820514
41.62607955
34.86606805
55.47589657
27.72186086
2.10924172
21.20492899
82.73566232
35.34859712
82.13947463
71.45807568
57.97049148
35.22166169
70.51923426
13.87026891
74.95170022
26.18739456
74.63694522
56.64622599
7.488331323
67.12990552
15.83909861
60.6634287
68.35678401
51.51584266
53.11943239
47.94206053
34.11810093
4.098201574
22.66090543
95.99265234
61.66243554
18.0645783
19.37141879
8.48615819
45.57863495
67.83214327
89.2531219
12.29296213
39.22739605
92.53208781
50.13039117
9.384451748
31.49532248
71.84685882
91.19597145
32.98542651
69.86863271
37.2070831
53.86524671
57.73055631
80.2432239
35.23951871
86.58072255
26.60172321
59.19329457
50.74720995
4.667970486
49.88655771
57.68259973
4.748854651
5.189558504
94.39300737
9.959934919
9.562892015
39.45723466
98.43666025
51.61715464
44.75474603
60.21998683
49.21430866
22.23403051
11.54102987
4.854557844
46.37157933
33.37789105
98.15125779
85.0930379
51.81124391
55.52195687
49.37610052
66.22743761
68.01973208
25.87995506
13.413015
78.21985508
71.28177567
40.59270147
82.84966649
72.29427281
66.66974392
83.32125072
8.626862885
15.12633178
42.53247359
23.84242864
84.16941105
48.91688941
26.25282629
14.97038294
99.52241099
19.66254568
5.722976911
88.43607575
32.93856167
88.06400428
36.24075677
78.75418367
60.42942374
76.39723008
53.56113056
51.8622029
11.52987876
76.03945986
95.42998318
94.68826012
43.72411416
79.10151444
45.08019417
1.656140411
89.90023957
57.20180007
41.45737349
86.16355549
63.66539234
56.31868048
22.17445091
51.55017767
3.924351981
67.46037962
8.036407698
96.86293292
40.79732775
1.15926565
44.22965478
46.59571725
69.00164895
24.59469559
16.01209923
75.27321652
7.730907846
80.43017894
33.09672407
36.02142072
40.75571199
34.76235938
25.57411419
84.44114943
61.2453304
20.99794561
13.24239483
85.06993581
64.27700274
50.83330317
57.07348277
58.1846146
70.24937569
72.46415224
18.47309564
77.29073183
95.67883463
9.281329044
85.27698281
73.4406453
48.48662483
69.46303138
94.09939868
65.35523113
76.74373043
85.56205556
63.89694286
15.12151884
74.54710008
70.1325576
28.92623895
33.54161826
38.82294357
55.69301658
63.59420437
95.90399165
35.58745257
49.18859737
56.90219001
38.51588241
47.00118819
99.18947036
60.50361323
52.88065104
19.63426686
53.6994247
10.42664114
4.505779631
72.41931013
84.53797266
95.31640761
48.51740481
66.15121764
33.93031331
35.5458225
5.896972959
20.27410063
88.50388618
93.88670895
20.8677439
55.84545011
90.65929827
55.68142826
84.84521414
62.01513041
36.6144312
58.81695063
87.79558137
17.4424361
4.827643693
72.7268839
50.5277711
33.07201046
45.02986862
78.23991821
48.66533047
77.42204914
74.3086128
36.67802882
75.29116212
91.51740746
99.78507229
78.77741516
70.39422539
24.74699441
8.088914593
17.65779058
76.91316686
29.62914574
94.71741332
82.59320985
79.59911605
73.40279761
19.98223388
73.29859736
17.90214839
26.56220951
78.94269978
84.43449843
52.51024332
29.59285555
66.62609161
36.40477216
56.47676511
78.6112562
81.53064998
20.90194152
8.372111711
33.21569724
79.26058451
76.94117493
42.05339229
54.56295708
38.9201221
66.17568255
72.95377025
2.139268379
84.47474761
87.59416972
26.02183304
45.99482798
17.86007313
56.48899537
24.06653589
86.02512756
20.53525513
17.67081516
61.5813275
87.75915441
61.36198981
75.96000579
84.06585529
36.76634983
71.47202319
80.90399619
11.74013992
92.89192927
93.52860356
35.04433622
60.41205804
40.35835771
24.44081123
12.97742965
52.43754227
49.20544666
44.79708717
87.55719894
8.586241925
93.66852934
44.78541381
53.79575641
98.36389731
19.3822886
71.58651452
27.89283639
96.71523181
1.862534692
68.17543355
97.5669123
51.45507883
85.77885881
20.9511955
70.79568056
42.54126684
88.118002
23.26591888
97.83867063
59.4138841
40.47918328
99.34664773
51.23702339
59.63609423
25.04994965
87.90598796
59.74291128
74.59740386
71.02877446
75.95142051
56.11955097
94.77360754
94.31430505
83.25797986
25.79704499
2.705877945
57.47839417
28.41086028
96.72346595
37.39894265
55.9007446
93.32452661
57.75880492
16.69890401
72.08114868
73.60506708
76.26385206
87.73524144
12.63033925
51.75148231
64.72353337
73.12453212
42.68034316
27.04593132
8.003865928
3.189449319
77.98933298
34.60950812
97.96084119
96.20165925
90.38106481
20.83705071
15.01487509
69.60366328
93.5285152
19.40828904
37.41407118
65.62709885
85.45824983
32.15555931
80.04020211
22.00659442
1.705295397
12.57232521
94.06587898
39.88285938
79.75613489
41.67155977
42.66147536
1.327703134
58.35594888
28.9350314
74.43909416
97.01127943
33.10648722
43.22594372
33.32464805
52.23393515
22.57821308
11.32988187
61.17370899
88.47312871
4.029902382
17.93563966
49.33410913
23.61065005
41.31797514
55.85981732
66.0751052
86.72920865
48.2567099
80.72731959
40.67540712
69.94009348
28.22192381
23.90247356
18.66118139
11.67582715
22.39267878
85.89662117
80.02980689
62.85536157
53.49243791
79.3097788
6.562614875
56.13879866
8.757891353
71.39383994
79.65823679
14.02871629
26.38089939
22.43242625
68.93145969
28.00959777
48.87444184
26.56108476
53.30614318
69.9885503
36.05366804
35.39800239
3.535850336
64.06084651
7.931852846
16.70487406
99.31627918
39.02775474
20.18913076
54.04545869
78.43734533
45.77180035
76.88918963
43.89350472
35.03878363
40.56941954
82.55318222
48.38332037
58.54832542
50.40363789
86.39478708
37.62705267
60.87804066
86.22833955
6.534653353
42.20022957
18.74540166
52.47292808
26.97231687
11.95500545
57.08912879
6.544246543
51.40208907
7.053733951
39.99502464
26.52951749
16.78571189
48.28928974
27.74964967
41.73292677
99.98139436
79.76648771
85.33880755
48.61395418
67.11059937
23.65319358
27.31553316
8.571948886
83.03853347
10.57579767
21.61201001
9.691322806
7.487399982
34.81669474
50.49255201
19.72869088
26.28077677
84.59334685
28.41412919
5.790149798
33.79083099
51.74117569
87.31955278
77.94147676
93.53385287
16.5632635
71.75465903
62.69965019
53.02366008
79.89965703
90.45733022
11.83388028
81.61662216
44.92476008
20.96713498
68.76392623
46.00758593
33.90837946
77.62142562
65.85463342
91.80081616
91.42928903
2.331280171
20.9501139
69.99896555
3.857506304
87.9724281
38.59879653
15.66553549
56.69088059
30.94695987
70.01929992
90.12950014
41.24838634
86.96408543
90.81630983
32.41386731
15.91272896
8.407684215
83.05872349
99.18889758
25.15886301
79.8196253
62.41314432
64.18282293
54.06266674
29.41190815
17.13045305
32.57265588
30.9700039
96.55208919
51.20706079
66.259061
26.62973321
11.52942317
90.25363922
57.75022008
19.97500997
89.15203701
16.21694338
57.69390541
37.13811344
40.66649627
49.92766233
87.49324883
18.05714438
6.894743217
45.41084994
19.48309263
35.17020181
98.86256303
63.07225819
46.58476861
12.86913787
13.39966081
44.52835723
77.65588503
18.68808266
2.093035301
62.46114185
21.42722336
12.96302456
64.73961183
17.12723065
82.9249264
66.19208047
72.08678014
86.47986033
62.94986089
6.393385712
52.06736212
85.94574056
47.5318203
92.00715782
48.30523111
64.62977742
25.86013133
43.52710912
18.63388017
85.27323497
11.31194047
60.38890178
96.69091081
28.2755615
92.24746231
77.4565296
25.28396998
60.27180354
31.01652247
67.282129
14.57407721
59.05076207
60.38730737
73.48502058
86.20911687
22.60500574
24.36947339
89.25716474
58.76423447
63.04870586
98.84466585
89.63883612
84.9110887
56.99586559
59.01417457
3.863607891
43.66120624
56.37529558
27.95611507
3.3037831
64.95834574
53.63565943
66.08405857
35.24786586
75.65212662
74.72925843
43.85547166
15.10322639
21.41911955
62.30199764
37.80267253
21.13397155
91.52610435
73.5769009
59.57512671
57.47076346
75.00948503
82.2906158
59.04048278
83.17225534
76.27526005
22.49957829
68.23327117
16.13610845
51.14432054
83.42345436
20.44810483
48.27857275
68.37829515
2.512270592
56.21887095
12.37418022
79.64439054
75.9365051
69.23570182
82.6626757
67.17803114
26.89131086
77.84673146
52.95478937
8.452389753
55.11592696
29.51583676
17.16641232
43.01789171
58.28439389
51.4595332
56.79577177
81.37554567
42.32523733
5.357132609
64.98936327
31.93185357
47.90382356
34.81048498
23.6040854
56.21808907
24.16637632
9.726885751
21.70429277
15.22149121
43.9026752
37.31267414
91.93485085
7.034113968
96.39221344
43.66190662
88.26096523
9.423728947
45.67169405
95.92343348
39.22869764
63.46297976
56.97867605
95.98050427
69.86290549
90.11543749
59.75679832
40.35068215
72.39891746
71.15332173
69.39754101
23.47537561
81.58523334
13.47710014
95.8929183
97.29296574
72.78148413
57.24314526
8.321697142
23.87429449
18.74496877
38.6296923
54.22317952
9.305803006
3.659680773
29.68125102
19.74845096
43.47406655
51.39829835
97.21863377
51.57329231
68.5081523
47.67978577
55.47199492
70.37485173
61.97798604
81.41913554
79.12736644
55.29164661
53.90134832
73.83383994
93.00038143
81.92077407
58.0521498
81.01821506
19.28451551
17.26133397
96.66888033
99.73397377
20.46814807
56.07624524
38.06516376
56.20169547
61.12402291
35.58442149
1.863367449
77.93733036
4.109235725
79.05052007
86.99116422
49.90595074
44.7928391
93.09111912
39.0429502
29.20945496
42.2183456
45.77921603
80.55841884
44.04904105
90.05838511
90.01900092
59.24344862
28.40457382
81.8259318
54.70020827
19.32582522
55.0000675
18.48006277
94.55477642
29.92179303
17.48551629
99.71074643
93.50503882
36.29915637
54.46372993
1.090735051
7.854437654
56.99461075
13.6134421
57.66110322
36.82507303
86.31357321
93.23399166
51.45266184
59.72633855
10.14866372
12.16582044
90.12304563
80.2823118
27.07199577
43.72420797
47.36200268
80.02902217
59.26861404
39.38042341
67.10608081
42.67677218
22.23380287
57.71484265
23.23376548
24.5458326
10.21467334
47.31276232
97.16655603
79.82014728
89.22604268
48.02539301
59.59751979
39.93802211
75.83426944
15.95694666
73.08810773
23.84539426
66.93462476
45.25256632
90.05401844
51.32676074
79.12800246
25.12884369
8.08612984
50.16636359
55.14613903
84.21682162
45.01078569
76.74506191
92.92737346
37.47485391
13.06425208
71.65160656
50.3543933
7.508387555
84.19954744
19.12035028
89.25541748
17.80710149
33.4823528
22.40468472
25.12706749
6.161632434
17.40400856
27.57562555
86.32787591
66.53460301
17.99852067
90.07156875
55.41870189
52.32601571
35.55924065
83.43677409
28.52555608
80.3512573
34.59420742
72.18649521
44.70826837
57.21773722
68.29132683
50.9053585
91.93083806
49.08623171
22.92598208
35.40384712
78.31987172
67.98873592
37.88135605
66.73934695
17.08945968
55.45184398
35.62214204
52.02700827
78.35244373
91.25233266
87.26351852
96.37450142
95.54844567
21.54133595
87.21959378
24.03579919
28.19902382
2.872891123
85.46818464
11.16342279
28.4988121
57.79818941
39.63014349
24.76456487
72.92242524
78.84282433
77.85180134
39.91164283
13.22995964
58.73105371
44.09235855
2.438290499
24.75419084
65.00206441
29.55697462
17.99060026
78.90758495
25.40038003
79.95439416
64.22855214
5.981856385
91.03060411
8.022511471
14.68369032
12.56093569
48.2424346
21.63787775
18.5092062
45.70877452
7.270425762
4.292717017
27.02416222
61.56889655
84.48868776
6.969110183
63.52222164
65.05401155
36.30129252
61.04615971
47.73586585
98.12430928
12.87877792
99.22064397
77.10792201
33.64573864
58.38157173
64.60858378
78.05989173
58.45643074
73.09842783
41.74375452
54.77569379
87.07121501
24.1579214
79.6782035
85.90628536
59.50508771
29.36916993
82.20904152
91.78932016
47.20683316
88.98126594
57.24990443
88.25647269
60.01348735
54.18509294
17.54841439
34.72186769
87.48014913
92.13611106
87.39294614
88.32237572
70.71693569
75.3108446
71.27905017
75.68099307
97.25917132
63.77483742
50.73807269
85.42985989
66.50889299
21.28942884
2.424586942
11.5201967
6.956901871
79.65367039
91.98835077
58.90067548
65.56837399
10.83826387
14.6028567
73.63409959
78.90594121
14.37435082
17.67311175
43.56252839
45.54773541
50.45073514
76.31642845
44.06956659
13.54167343
99.07620768
88.28260256
61.29384557
80.98682905
89.19355817
89.97526398
61.49244603
68.1718971
45.41331248
54.53198777
6.865800294
14.00531565
54.81377273
95.13659328
78.63946652
86.50403733
44.05586832
98.84315627
69.35643404
35.55267521
74.9587906
16.92394312
51.49472723
15.03997309
50.06313263
24.70586981
94.67014223
89.80065877
16.76150124
51.92509217
7.248482001
18.5864995
26.61376464
26.54933107
91.77859206
18.47539131
95.82711222
36.3401544
59.83088549
28.48126604
63.75242267
85.81753178
28.614437
42.67162222
99.66652805
31.49099987
8.417039645
58.563611
61.88292724
94.60109413
88.74768184
46.32867848
91.99013917
46.71904481
53.01693997
40.80303067
2.507649463
21.77840731
3.541003577
33.22947524
36.41383595
8.262680008
53.24620263
16.85046312
12.3006991
11.89433669
26.63179218
97.88037521
59.64700679
94.78997827
33.32510946
8.844366101
84.86608486
67.01698174
37.11187134
23.25148038
87.03823723
21.12881234
26.4883832
28.67408298
43.68955213
46.7595409
40.22380253
89.7125598
55.6711812
3.176639353
24.85314911
77.09954578
57.56248804
15.24530845
85.46195542
45.91148419
55.90936185
37.68386203
83.3611481
66.98951856
15.59879519
34.02367385
63.04894179
20.67423777
27.40497929
48.58953581
99.52833787
35.08007568
40.78984003
37.72731251
56.92865501
67.48850092
13.0623735
55.32979001
51.05968113
48.41094346
11.21552138
45.30490099
67.75640234
36.27020605
5.477390429
51.9969624
42.83035824
7.346792078
87.97515288
92.15464856
66.75422172
15.37896483
60.55691956
72.35714363
1.491936666
79.3230662
80.02686582
90.94461477
3.748272209
85.32797166
52.86075212
95.47324731
87.33529827
12.29724323
51.61805066
2.031330722
92.29242919
18.59811044
63.28309876
79.96245498
42.13870161
40.78206027
58.42069962
60.72403053
99.52015057
63.14055035
51.92939835
87.76049586
23.55361038
2.718700981
33.90878842
64.92156881
34.7013424
31.10806588
13.11071956
67.73858937
94.4711388
39.22902193
99.92859886
17.74280613
34.39021023
51.37793917
47.00320889
69.08037063
61.61564071
17.04406862
86.67058131
92.67649435
67.63248978
44.03853391
7.928181675
28.56299574
85.00032558
79.03919367
48.61568468
20.97199883
58.30339264
34.3422757
62.51478043
40.19479159
43.47927083
94.20998411
44.95088779
4.202164954
40.46659844
88.83563571
98.40424816
58.50767771
1.046040212
86.95715228
67.94390153
1.66048439
44.62765381
25.98025745
49.99209653
92.55312121
87.64306491
13.34349515
87.59669834
10.94211862
42.0086921
9.085712615
29.73129788
14.69542899
84.83791233
48.28123585
23.17565411
85.887182
18.13521576
10.20601409
20.69185207
88.3674648
81.81947694
2.578446516
37.58919421
54.1692496
57.97494939
5.928892634
17.82717699
48.84874366
96.54569567
6.68810487
31.39166338
68.83193856
8.349186823
9.175960674
79.63153505
52.87066943
89.05176188
52.78230835
49.52120801
60.85985708
88.61142185
85.12727913
47.37791629
85.49781108
86.3588932
78.71959198
69.78647039
80.24939061
63.33262584
66.14186285
55.7590412
60.94723872
63.6091336
29.46014864
7.607302508
45.4127052
79.55095
26.84520539
78.41852718
86.00715738
24.89428861
51.72441064
45.08125145
69.73183471
58.43066727
18.58974566
49.71562264
11.60423064
92.87801601
44.12018133
36.45361184
7.020231738
98.95200181
12.55352186
70.46284641
55.73686386
38.56798259
11.56347195
68.96402731
2.160296954
41.65211356
75.88509179
83.04246697
56.29135593
53.54014049
78.25609384
20.55211213
2.279963682
70.48527511
6.396435685
92.51141273
69.51945498
59.49184005
93.07668361
82.68818352
71.33798212
51.22990958
86.60110438
48.75973295
7.61684196
30.7037692
35.44631687
5.709546811
90.1136078
99.03271052
4.207177105
45.55544607
25.44029082
66.78918842
11.95266611
68.46825561
85.65074553
43.09497743
8.038043137
40.88557743
47.93325926
79.97258907
84.29452127
62.94818053
50.70798174
72.13380978
79.77391631
85.25776515
36.9575105
75.35580532
49.44033351
68.22747177
83.23725689
78.07768257
98.60204649
69.6988904
5.548543186
62.41950726
87.95597844
80.5113553
69.38558982
11.66726834
44.21272355
71.15627552
71.446811
32.37574599
19.40784768
3.478486574
54.10715836
54.24850922
86.52642893
5.81141408
32.66432276
2.360062611
76.95687716
24.52483515
45.07224113
63.72326908
41.77050788
60.86593097
38.93334326
38.67957883
99.81586855
32.33892468
46.07766344
45.58122984
67.73502454
39.61706686
88.98628571
33.00852136
91.91103278
41.09673633
8.885231325
8.179084995
4.081898669
33.36665044
39.16632794
11.40074143
14.14332735
33.12968459
19.73238598
40.96574764
3.811728775
51.74464298
10.11161333
77.31997721
30.00774159
93.09868845
83.8415197
96.77307173
76.54378222
61.18282832
90.05948016
45.33233663
36.99158584
43.89926551
57.32189633
24.51017592
40.75953334
77.365501
67.82091865
80.96358709
7.202284575
76.78744803
58.97182709
60.45713421
55.21117065
62.5203932
26.06196922
54.58824025
44.69955258
90.30708788
82.88476047
86.27544736
8.549489728
51.69988433
84.43274768
11.86279229
14.14290989
25.73719259
12.11487386
73.0979598
90.9306158
86.97154132
77.90195487
72.3243554
85.91792727
23.09815035
58.45190737
24.80893968
66.40026597
27.51480507
66.67532217
17.52989973
66.36990002
64.57327488
41.39105315
94.11209721
26.7348547
78.07417579
4.749426473
64.06724719
4.920408824
6.964909088
72.7197475
32.59467841
82.6638942
35.03059392
84.47336086
9.561861345
60.2146125
94.37771841
24.83480965
7.285718544
67.24160647
89.62310667
29.29519933
60.32601285
93.12799475
7.573063264
15.80239693
22.0487074
30.97166898
84.85347249
4.228077066
3.680348948
49.97827433
35.09296671
19.02574789
25.62353511
90.42171506
93.41790488
36.80247824
43.51958399
87.16445482
2.411793161
74.19061306
48.08037369
24.86808299
38.90204642
61.62500711
22.84232037
65.07901934
74.23507368
33.97100515
73.18808223
97.22405663
43.80744212
16.4013127
86.09643479
9.487478681
56.51905088
9.236995834
56.86054767
95.30814508
10.28052473
26.10626133
50.16567997
11.3562029
97.66536169
72.05611329
56.34891125
30.92753341
46.7843166
49.1740169
32.59939595
35.63258456
92.97529298
38.08743813
67.39831169
59.56392675
86.08017771
8.323044778
35.02397156
44.54995102
99.50823186
11.99012549
3.636483097
61.01912158
90.26280997
39.15755678
46.77861965
44.69472546
71.47147828
4.015066775
86.52876581
83.23127185
75.61421857
28.11136417
10.76179154
75.7660607
18.86857429
13.71388909
44.9880428
83.51289669
68.61968654
58.04024316
75.69493908
86.45872214
26.88333466
50.77110598
26.23716443
41.95983799
41.58080479
53.19891436
30.7842503
86.29602587
44.58771718
59.66824752
72.29830566
46.29247253
9.555413278
41.3622816
55.37645721
42.51703036
26.29882974
18.20143737
13.59495328
68.78635122
43.88787573
19.34276477
84.42065289
25.77388851
6.949466917
77.6876922
20.97305511
50.91202536
39.33907915
63.68657766
23.09329435
5.693415375
33.5559702
59.8769709
6.234623922
78.93212341
44.89827371
1.696921397
67.55664389
52.43504256
12.23028442
6.572861906
25.78513236
99.51350964
9.231765924
13.70509238
93.04439253
5.939159238
76.92594686
33.30866258
40.09138643
90.96792276
35.61093629
23.8340532
32.46425787
84.68879818
19.61450852
36.35129391
86.06348595
66.42573404
6.5252325
2.135325848
73.42218927
12.42524247
86.44997
94.44675671
24.15044801
8.163209448
62.98419736
89.93225928
84.99566221
82.20370906
81.14758165
94.78527119
66.40513205
61.14408179
2.921801876
19.30731357
55.11600758
22.39315051
88.489042
17.34300416
24.18137738
35.93456156
50.83779088
25.14841667
34.00309438
50.54365285
49.17225034
79.32327299
87.80010924
41.88930383
28.58834913
24.65283889
56.06154
6.555911876
96.29359305
35.56890608
5.490321607
86.60480408
78.66880649
12.47152999
43.73022765
28.52847733
95.69836282
62.60225719
51.07574035
7.139134034
26.00670837
54.15896097
24.26721005
43.63379388
30.37183027
81.54040113
8.323797705
75.28665208
57.6778169
26.28687118
1.834765916
37.20435386
24.15201515
57.22465322
97.89007335
20.49168291
18.38699909
77.28386569
85.12263736
19.97347293
29.61398332
30.66614589
26.18900027
34.31412786
80.67798356
63.66281172
21.28827628
44.37669159
40.03732312
86.29378041
50.27181431
66.53630051
65.95758646
32.17217956
7.419440172
67.82986373
61.47885964
78.45235043
29.93668649
42.78263701
80.39286147
98.40861617
78.84490769
10.94601513
25.86470631
11.70430553
16.69763331
15.05174427
96.02003271
59.23062867
33.46432832
18.54154834
84.07861476
73.52636896
60.60807133
24.35479591
89.15925166
55.8930575
40.70013522
4.937568801
37.74208164
7.241728152
50.20944201
64.20632371
8.959543262
20.73467145
86.45532345
90.20816212
44.46720254
92.75589154
47.55119135
5.508427667
59.81231575
54.57351312
77.64805428
90.7828948
78.45086599
77.77564371
88.89209144
32.29868476
54.46418333
67.8312275
89.43513695
3.890766852
76.42799175
28.41962942
82.36698263
87.96756991
53.77273531
22.9071391
98.67353208
50.70164422
95.61545967
25.23127404
10.28873851
47.81213571
65.27851833
28.89774185
98.20680707
88.68441794
49.85725553
5.930507435
67.88584178
8.934024056
67.08118702
33.74504876
73.24480589
80.38333741
7.546054861
42.67480294
45.18612884
87.51035368
17.23404961
85.40650364
75.38211555
8.727586099
19.7215002
13.14775524
6.489545304
24.95662656
41.46258187
86.93245153
47.15759572
35.51998442
67.40231045
18.75053705
18.01203865
59.78543252
7.852546219
70.46754787
17.94343608
89.69197357
22.91870238
35.34564508
79.93536363
5.999501547
52.87233608
25.10934004
64.61966875
30.95911716
92.26703521
90.35125307
79.25489621
32.62095537
57.91536688
17.53685577
27.2960983
90.28909881
94.12497322
16.72018803
14.49604065
99.55370696
59.31677891
57.38198996
61.51071102
82.04422601
18.0514884
95.18772409
58.53969292
52.68252279
79.2862709
39.26286134
47.64248713
87.85822568
26.99446733
65.36774334
70.22512622
1.373010601
78.81423113
18.14445058
61.50613618
53.93375266
57.20682442
32.44009305
76.45442164
34.44458598
98.77951593
59.26479135
15.13229209
94.07474758
11.52251049
8.256246516
90.42203604
70.25992909
48.90210488
82.51125041
13.52417969
35.27400561
91.69206444
17.49268941
2.369936932
97.78451427
96.83510996
53.69304233
35.26777256
22.5718796
91.76874209
42.39101603
40.07653336
88.15394098
32.90286216
98.94695095
57.78221227
8.513220498
94.70598853
60.73313943
29.08003012
39.60493287
22.99250964
40.40647702
33.44600289
46.48899311
37.29210351
5.699838852
41.55383414
53.28672083
17.73301825
76.26449722
74.99840273
92.68136987
84.79893583
36.18307797
75.80532266
65.66092519
10.87792764
23.27023278
76.06493586
24.24362611
72.63634716
44.37646903
33.65764875
50.37292467
36.91160673
11.2098495
95.92472782
