92.00612677
63.88468078
93.3199311
23.66211082
62.39722589
77.37872623
11.30426625
89.99199776
85.65133165
79.86738417
35.53799334
25.74797997
56.44827539
48.83500921
70.41021398
18.37969187
11.92552997
59.73301914
63.16248962
48.45599531
93.34731352
13.23115012
42.08331362
62.01203087
42.23903645
24.99658317
16.42719721
69.98781062
96.21864419
76.70906097
5.39849101
93.21462044
85.86242786
64.59380172
32.49709019
87.54746966
68.72887319
12.77644261
20.87903123
53.38278047
72.40373798
95.78622356
44.75095396
69.7398969
31.00804757
29.58084134
73.41450157
1.533958786
82.75237718
53.36642099
43.81974386
62.35242403
27.86001905
69.08489382
57.81616473
8.762104925
27.2236322
42.24195931
1.122124636
49.65795407
15.57063641
34.91575378
17.20891657
9.043854395
87.36883498
90.97655365
72.55361545
25.71986223
64.13486861
22.65810774
46.27373798
97.11375078
42.10360914
60.5348396
30.95093472
15.68505865
63.56529578
51.04578083
94.25224959
99.81281699
44.13867916
3.687604956
88.60458893
58.60686173
27.05782676
16.92257255
89.2690191
47.86618677
84.05878876
59.55065283
53.11030643
65.17524234
33.7057491
53.23705457
20.40795231
95.83407828
51.09265538
38.7274935
33.11538601
17.41122595
56.58620119
21.71588935
47.95162516
87.53052427
55.46143641
34.46814517
6.833531572
16.0431891
5.487821725
96.5406778
56.819129
61.99162568
63.82706744
68.9533272
56.92915802
88.16033752
45.88972575
61.63431057
60.25933042
91.3955169
46.06704908
66.71839958
24.07854085
35.76627132
36.72709335
89.3263544
42.0971618
39.01612414
79.04511954
61.52167107
1.692511524
4.024562171
96.5574088
91.64355301
22.30532913
40.33418155
66.71290126
98.43583123
7.656780934
54.12783047
6.458260747
46.8181678
63.58160785
44.74375896
33.53845993
86.1124815
89.16611019
95.77948546
61.9580864
47.90225957
79.26143103
7.330897504
15.69190775
7.892313328
69.99930458
49.44025383
25.77273749
82.63552544
20.61479957
23.64959542
61.38119929
97.52871998
84.67677618
3.644185049
49.80512336
12.9329515
68.09532091
71.46748449
65.23048731
9.484115312
95.88050433
35.20719669
95.93021077
2.926437396
70.7092184
20.1408221
22.69637252
76.99269272
34.6447924
11.75297174
68.54811849
45.2482935
32.64450754
52.56650556
56.14170534
67.07683262
6.991162573
39.62829682
23.85577947
58.23731392
93.87827665
49.73940552
40.57170533
86.329983
73.08294526
24.22856028
65.18002958
74.30287107
59.60270098
79.58471274
98.57226715
75.75217724
65.82785498
43.63370176
35.91201896
97.22064338
38.0818642
70.28031912
13.0190173
94.26742261
89.97952046
50.00639265
84.67326583
95.07900606
12.88352448
26.17893977
84.65498606
59.06730778
17.80280617
56.21922116
41.33925608
16.7845605
19.79742001
3.42585257
68.9937915
67.78971254
90.67935492
90.95123943
1.78373334
87.6997542
95.93321148
81.59483109
24.88082123
25.43119354
52.83404747
92.89177481
15.99892481
41.32172075
86.92095288
52.66740138
9.007275735
56.11541249
67.17444693
46.69600791
64.93150981
88.7117444
70.42568907
5.291839804
70.69037841
25.83393271
30.08538092
6.944821002
66.2815565
36.51655199
24.29292788
76.12386017
16.10053229
48.52201222
93.9860965
21.07366099
78.90378219
82.76037205
21.47190302
91.52077137
18.69051108
3.683571014
93.44807569
32.61998567
68.07538132
46.68987981
46.45414159
98.27648565
67.88342779
24.30492954
91.2858911
75.44059326
66.11343074
54.76183586
35.37426517
9.609232598
23.31467241
76.83590038
4.668432829
68.94180921
38.09773268
97.97514346
38.27986028
97.86329307
32.41268642
81.20884359
75.41789156
19.74250186
87.33636196
9.464440087
94.63294379
6.516639403
37.40804716
35.34772669
13.18441838
48.51076877
19.62222303
3.186854804
83.26437992
51.49646764
95.68319324
46.08138964
39.27889337
45.24847228
42.89520704
17.44245387
68.3904388
31.17666214
80.15715797
69.00069392
30.84959738
75.79493957
79.38132323
70.94491813
70.72498021
10.36991181
16.6330937
14.10440401
86.67542997
54.89866319
66.27373265
68.92527701
35.19885457
54.30531956
98.49883889
94.51258046
23.62157235
86.75086028
78.02154463
35.01500325
21.80296027
66.04482052
1.976366527
36.98415337
39.11206175
16.84384288
76.40037651
12.53340793
84.54743978
29.68906054
95.42276685
68.18922808
63.68245111
2.254559519
36.32315095
85.56199682
6.561875489
82.41497987
79.10076528
82.64127788
48.85004551
59.6322748
34.3809312
71.72643199
82.65277031
80.35994235
40.6923334
11.9552633
26.48318817
29.3328435
15.63627321
95.199517
13.9943573
36.01064612
52.60531577
9.994240757
33.28924212
26.74773647
12.83963732
72.96667397
96.49145849
85.12081182
43.25107753
21.04315372
73.74902471
89.16059671
43.81947817
44.15514916
61.58333878
61.09064426
60.16958986
51.34673683
35.54274082
15.15109632
81.12260066
12.79576724
86.9835878
78.68226323
13.64931107
86.51392776
68.6678646
25.38050214
41.91304147
66.75961818
69.86900667
27.60404639
64.87602978
55.54862668
8.143357268
64.35333734
85.21391301
67.62618356
98.62184063
94.30605746
20.24943328
90.82008338
34.95306472
95.7610398
97.92317594
30.72724983
28.60162395
8.045289646
69.93024059
23.73636383
77.55102196
90.82652288
7.668564729
5.178771671
8.326498144
84.09924227
92.20680723
23.54036773
86.8282455
87.27514095
9.581850999
70.14597159
23.46434773
14.22039825
59.74396448
85.71588784
3.799252795
10.76693476
90.10838677
94.1697733
53.37149519
66.8672538
78.32812156
89.1093338
65.1764707
29.34013248
72.18716256
58.66936326
98.72939991
33.95627404
75.22385571
53.75264037
56.15503526
69.04730966
29.46372037
22.77528734
29.20353747
10.33798493
66.61041727
98.36690913
68.41076958
78.6916149
10.33043444
87.88618647
43.59942103
67.28478711
60.99164637
35.94482598
78.86899148
8.102908674
26.05473171
76.85833614
66.73088171
41.05878759
46.62851103
75.26682256
30.9895417
86.4991507
56.52933497
53.76511462
24.3320665
37.42146601
24.2433842
54.93768286
90.18949103
45.65143305
50.05915328
3.882731551
72.8171297
56.33819797
24.33546096
76.07270526
56.5682492
94.81564615
7.705903352
76.07551065
17.02365592
64.63332501
61.39605953
39.79006079
96.37112468
21.46000153
