5.441538
6.517023
6.962676
7.246978
1.051036
7.645306
7.698371
7.00964
5.024812
1.726018
1.631402
6.080465
1.398277
7.930079
2.446732
6.989988
5.412967
7.052526
5.707942
2.598713
8.538908
1.652863
7.026523
6.362772
3.171282
5.534183
1.520911
8.256152
8.418554
1.881583
5.035911
5.324828
4.879406
8.299983
1.372175
8.925174
4.91762
3.457025
3.421923
5.813553
2.7171
2.151279
5.938681
6.790071
7.34373
1.057557
2.22786
5.256134
5.307711
4.599075
7.016974
6.836715
1.577526
5.996806
7.910256
6.084007
8.565894
7.057843
2.695983
2.497025
6.045137
5.299243
5.287807
8.052354
6.295053
4.7177
4.026924
2.271518
2.190103
8.213305
7.972692
8.349874
7.182022
6.492955
2.98685
5.577865
8.359052
5.626463
1.193939
3.005866
7.943478
2.921923
2.281317
2.301436
3.638862
1.592477
1.520229
5.593219
8.08173
4.243899
8.324243
2.289088
2.418227
3.774289
8.568204
5.668965
7.498647
8.189048
2.583809
8.202458
7.154103
1.530457
1.909083
7.225566
6.48915
1.849562
7.82904
3.223727
8.13702
8.203012
8.335206
2.761669
5.059667
7.84446
2.808067
1.236718
6.175651
2.536736
6.632249
4.629692
8.84039
3.683746
6.112717
4.54251
5.215297
8.509779
1.154657
8.11903
6.494838
2.632682
3.1334
4.617135
4.6236
8.979134
4.251093
3.238642
2.819825
7.901847
3.025787
8.784007
3.299375
1.036845
4.974065
3.179031
2.531839
8.107741
1.405141
2.218351
7.653532
5.039734
3.605274
1.561338
3.535003
4.503455
1.225031
7.390206
3.270954
7.275665
2.32418
6.341905
4.392845
3.856583
8.455832
6.04692
2.609413
5.939466
7.722602
6.713317
2.688808
7.489297
3.242223
8.029764
3.77381
1.464485
7.884761
7.408894
5.987668
6.761641
8.678389
2.070373
7.676235
5.273026
6.756789
7.670682
3.634905
2.914532
8.581233
7.320049
5.345791
3.605363
1.197543
8.002861
2.371396
5.822634
4.686493
6.16477
6.863266
5.748689
3.907088
7.340472
6.507523
8.368839
2.654704
1.275081
6.895619
5.651509
6.225315
8.016829
8.559234
8.837545
8.653797
7.369422
4.095433
7.127605
8.33631
4.752752
1.184055
4.571897
4.189926
7.137908
6.083162
4.457642
5.315444
8.906027
2.716071
2.796389
8.154733
8.243307
4.612204
8.190157
8.511583
1.721599
4.593245
7.792305
7.276272
7.624944
7.254653
2.044631
6.697631
7.698858
1.190942
7.621697
4.933857
1.476924
8.350961
8.747917
2.973033
5.995498
8.773873
1.985084
4.291826
8.752211
1.273358
1.363773
2.262355
8.861039
8.038844
1.874583
5.466754
5.891623
7.431335
3.011302
3.067496
6.603876
2.38006
4.450617
4.588611
6.456936
4.532184
6.326036
5.625228
3.029833
1.137444
5.926965
4.193293
4.134721
6.472403
4.362056
8.564317
8.569402
2.699159
3.732932
3.249104
8.460691
6.035613
8.313997
7.740227
2.961002
1.368449
7.094753
5.78246
4.443621
8.447386
3.80649
2.421607
4.185027
1.662947
3.261947
6.281304
3.807056
8.980848
7.920319
8.898993
5.490983
4.793247
4.833328
3.751054
7.749921
6.142825
2.548721
3.510014
1.211862
8.009284
6.171344
8.962878
8.098296
2.559094
3.216129
4.69879
3.661892
4.478672
8.646057
4.715367
7.442812
1.867157
5.196072
2.945057
5.313737
2.266086
7.096619
4.203804
5.358709
7.269126
2.598469
1.851034
7.995079
6.640482
3.855945
1.03968
4.480232
3.34945
5.668654
6.944606
1.273478
3.343345
4.916497
3.49846
2.227569
4.396053
6.423846
1.153828
5.841371
3.301893
5.838566
7.381835
7.344896
5.618256
6.816054
2.582778
5.384855
2.142183
8.64295
2.063597
6.785428
1.941038
4.683386
7.241228
8.677279
3.633839
5.5451
2.459673
6.762626
5.179892
5.297073
2.985851
3.760786
1.480071
1.413422
1.221667
1.356357
7.048738
4.361957
6.178606
1.384086
8.365695
6.653555
2.021578
2.288145
5.750841
2.371192
7.041196
5.008605
6.873809
1.025504
6.505951
4.003024
5.098373
6.062688
6.404729
8.28088
5.408898
3.361733
5.303904
2.584658
5.583987
4.05942
5.40893
3.475371
6.448186
5.486718
8.062014
3.795919
6.187314
7.696037
3.247097
7.491442
2.016383
6.72362
8.879103
5.688516
8.259814
3.061489
5.827019
2.56046
7.149103
3.037653
1.096616
1.683594
8.869546
6.838129
5.465492
1.090109
3.973173
8.469735
8.55728
8.678146
7.198315
8.482366
8.753106
1.776543
7.335627
6.154476
6.616922
2.985612
8.919262
1.958654
2.378262
5.309855
5.387498
1.790847
8.084531
2.378419
4.023689
7.177707
1.525948
2.115352
7.173024
1.553406
1.529449
4.468124
5.21083
1.474588
5.625454
7.047523
6.272692
3.984418
8.866956
2.319385
8.888046
4.706852
3.651779
1.946429
5.803367
7.643511
7.002056
2.059064
3.844782
3.933313
5.742118
6.412833
3.146424
3.308756
5.323033
4.816974
1.665
3.930431
5.116045
4.685534
6.702076
3.234032
3.529019
5.162302
4.2351
3.731442
7.563532
1.243822
6.524916
1.124355
4.154213
7.152194
1.017489
5.721805
8.575009
8.597331
4.79655
1.946209
3.783179
7.245158
6.13223
7.439283
6.594444
2.979219
1.579798
8.913455
4.675694
2.993615
1.068263
3.312106
2.047562
7.67209
2.393486
7.404057
5.074317
2.609394
5.676939
3.492971
3.667824
1.629595
5.307815
5.266572
5.038149
5.982943
8.185212
5.18899
4.750212
4.598033
6.874037
4.868021
3.656159
5.950773
3.020271
6.300317
3.456451
3.764579
6.900382
5.502241
4.888675
1.3999
1.274661
8.26667
2.297202
7.361857
8.364934
2.947519
6.804856
3.292951
8.60927
5.803408
2.747146
4.966501
2.02436
8.591069
7.144623
7.664113
2.162174
8.84189
2.843049
1.621023
3.61784
5.155263
4.987486
7.850685
4.181687
7.447435
1.021586
1.420628
7.028718
5.410243
7.410307
3.789798
1.372081
5.39257
4.031955
6.492574
1.728801
2.941084
3.637532
2.70933
7.842296
6.472332
6.256146
4.957276
5.223525
3.12792
7.932522
4.156304
7.992629
5.07555
3.16589
8.00204
6.0502
2.63619
7.35855
1.688236
3.368334
6.87776
1.231223
8.787823
2.611347
3.020021
8.606433
1.388831
3.466664
2.596696
8.445527
5.558825
1.984661
1.260472
3.63397
7.24515
5.793135
8.280596
2.71799
2.180487
5.743754
4.311229
5.333585
4.111064
3.612507
4.535077
8.15582
5.625017
3.556198
7.064926
1.234172
5.144178
6.83213
1.224426
2.53564
4.1184
3.816054
1.089817
8.955682
4.700162
2.557084
3.231112
6.965229
6.029207
5.104653
2.924838
1.247256
3.195705
7.44046
1.354852
4.942484
8.2763
4.961208
1.869419
8.632733
1.133878
3.94051
1.205568
8.532509
7.619452
4.077038
4.552255
4.691954
1.356625
4.180824
4.522353
2.931645
1.477426
3.816559
3.571183
5.49328
3.262717
8.337197
3.243168
2.582788
4.534011
3.35771
6.96725
3.555024
8.756973
3.316281
7.358055
5.203625
7.814184
1.396573
2.51061
4.442892
3.434316
2.992681
4.309041
7.143727
8.947213
2.737993
5.930988
1.502669
8.635874
4.420558
2.92453
6.844368
6.880663
4.036741
1.527758
4.058425
6.638901
1.73662
7.868472
2.090156
8.494637
2.504212
5.566387
3.492434
6.437185
6.122466
1.398799
8.07312
7.833925
5.156884
1.283267
1.020736
3.149458
1.868879
6.453393
5.53974
7.18331
1.48568
6.27456
6.45231
5.044169
1.474524
8.277057
7.952777
4.816657
8.659253
4.722935
1.07146
1.974706
4.530152
4.452112
5.263175
6.737759
6.50626
7.826583
8.154785
3.485838
8.609578
5.049389
4.054584
3.115199
1.5587
3.042499
4.31603
2.058971
7.450316
7.199711
1.878077
2.574776
8.926546
5.549047
6.475697
4.976683
5.04239
2.927121
2.666665
6.290717
1.499675
7.739946
3.657734
3.993016
1.256901
2.872235
4.6458
6.746327
2.701237
1.527811
1.67383
8.483967
6.875699
6.219138
8.018873
5.844327
6.639234
1.328466
2.6253
7.820709
3.566218
1.246497
7.33952
5.379419
1.122769
4.2994
5.468201
7.498082
7.946375
8.129589
4.782426
8.419665
6.213512
7.828643
4.634835
2.011733
3.835687
7.399345
8.300701
1.262863
1.173832
6.284816
5.208885
3.671302
2.674542
1.485416
3.21505
6.450969
6.0972
5.185823
4.880678
1.081234
6.467902
7.099612
7.001384
1.068311
1.415496
6.136663
8.831055
8.12407
3.613799
4.2235
4.857474
1.313526
7.35614
4.569781
8.696069
5.900432
5.265385
1.720427
8.633141
6.581386
6.897181
5.553851
2.672807
5.094954
2.994513
1.105735
4.914778
3.486638
6.389217
8.436209
2.830243
7.913302
3.237232
3.284214
4.29104
4.381991
3.816518
8.264595
3.13721
3.008931
6.679802
4.048365
1.08818
2.423403
4.197409
6.016491
2.958062
3.589929
4.625703
5.346105
2.147896
7.298962
4.406775
3.989586
2.156185
6.388371
6.595223
3.840924
8.299988
3.444751
1.084228
2.72369
7.261663
3.476408
3.859638
7.840046
1.56621
2.803486
7.658898
2.326111
2.189475
3.090704
6.058774
7.232824
7.070264
2.265773
1.290824
4.246723
1.490312
7.544612
7.078732
1.855068
8.069228
5.695319
5.012003
4.618144
8.87462
5.05071
3.7135
8.155445
1.736843
1.6259
2.510951
7.199908
2.996345
1.896172
8.400648
7.307858
1.227878
1.014751
3.109105
4.445691
2.568334
4.814022
3.897732
2.272772
1.022642
7.094607
5.611678
1.959932
7.477085
7.442863
1.977807
7.326563
5.422083
3.814238
4.933776
3.790927
1.604424
3.627945
4.837899
8.549838
4.96576
7.13966
4.497412
6.314764
3.814574
4.312911
8.851636
2.916052
3.072383
2.073071
6.666783
1.521412
3.315843
2.458572
3.824849
8.480914
4.921167
6.992264
1.868408
2.224304
8.176594
1.923153
8.017335
4.917227
7.1812
7.558394
7.85001
7.372363
7.288368
6.052844
4.073894
8.613669
4.290249
7.931188
4.405787
3.935028
4.443127
1.377189
4.70853
8.241648
7.029607
7.275786
8.044493
8.037803
2.277943
1.821133
5.653691
5.992996
6.804996
7.51453
1.127846
8.625596
8.605658
2.090942
4.293535
8.497259
6.109316
8.759634
3.898893
7.05594
4.611448
4.970611
8.032001
6.533775
8.842827
6.971142
2.739676
2.285875
3.014874
4.122525
8.853236
1.076182
5.226058
3.065539
3.232012
5.103803
7.950966
4.634845
6.600329
2.648124
3.897688
6.607573
4.898897
2.703497
5.72348
3.881843
1.213098
8.050017
1.845823
3.321432
1.527402
3.970565
3.588366
3.187324
5.758137
8.8167
8.950702
7.244159
1.829665
1.579372
1.17389
1.573148
8.714937
4.757674
3.820194
1.428312
8.514312
5.73144
5.830109
5.180436
4.375066
4.385557
3.62054
5.225892
1.311658
2.3402
2.559837
5.151381
4.951991
7.53731
2.807393
4.174392
7.34352
1.533873
5.873902
2.817711
7.758092
7.883045
1.379306
7.049985
1.247043
2.604452
7.581075
6.422375
5.427731
1.899629
3.05694
5.79602
3.166932
1.159743
5.977016
2.000008
7.960122
2.495686
1.015086
3.793545
3.848665
3.665756
5.10099
4.007378
4.507351
2.176453
4.857793
3.689895
3.023566
4.888168
7.284148
4.543367
8.665901
6.554836
5.426968
7.586485
2.175002
4.64147
2.243774
2.439951
4.48256
4.986612
5.495664
1.796569
6.967026
2.747045
4.176635
1.565452
4.386741
3.194767
8.268072
6.361835
1.947094
8.75007
2.073776
7.277681
4.319213
5.382721
4.649564
6.90961
2.964738
5.074003
8.529074
4.925389
4.129871
3.184918
6.603148
4.189565
2.264008
6.360298
3.733458
5.805311
4.672522
6.097551
6.776431
8.133371
5.092869
8.513693
2.571558
6.207873
2.247763
4.350903
3.862362
3.10764
6.127005
5.044155
5.045835
1.613433
8.821757
8.727334
8.787155
8.445921
2.483801
4.000009
1.70468
5.496499
7.948357
8.702924
5.070828
4.682557
3.036892
1.396836
8.752052
8.592556
2.509121
2.824388
5.844769
6.676109
3.105856
6.952721
7.156798
2.469952
8.11982
3.439134
2.819181
6.094799
8.509316
1.195845
8.777591
3.210895
1.024875
8.418634
6.412425
8.284501
3.895895
5.673522
1.111484
2.231728
1.05338
6.778726
1.694431
1.486676
8.772817
2.662457
1.435153
7.021785
6.667464
6.136046
8.880884
1.056742
4.987748
5.901686
8.510086
3.670157
5.567312
2.826223
1.08591
6.697696
1.13134
1.258894
1.720352
5.731433
4.997521
5.245981
1.866779
6.388727
4.843993
2.796481
6.816465
7.729989
2.652889
4.016689
3.780223
3.058468
3.364753
2.732635
5.598821
1.537207
2.566637
2.241405
1.908363
5.36791
1.176048
8.779499
5.091731
6.406217
2.037021
5.272404
3.478786
8.383475
5.16262
6.446054
8.718324
7.902651
7.79617
4.744437
3.244527
3.097589
7.39461
1.585376
7.740535
6.959735
4.409899
8.627606
6.739074
7.159165
4.456993
8.421054
8.27238
3.879388
3.914428
6.356835
8.384969
4.922519
5.331635
4.741207
5.848668
5.23514
8.116764
6.830946
2.664965
5.451581
8.510674
4.764699
6.817047
1.89635
2.180813
5.099359
7.738115
3.984916
6.294013
3.675364
8.499213
5.141338
3.123756
8.415831
3.216592
3.364809
5.231426
5.413229
3.03646
8.409019
3.62731
7.098175
7.66345
7.065322
7.567306
1.330536
3.859362
3.839585
3.269937
1.939053
7.645085
6.337092
6.0676
2.766086
4.340065
7.744981
4.2339
6.280075
2.709772
6.864406
2.291601
1.141116
3.737825
8.209795
4.138181
4.225795
2.271888
5.882328
3.790608
7.062639
1.279974
4.540244
1.92603
5.899411
2.4588
1.77197
4.969525
2.372263
7.775998
1.061124
7.586688
4.213446
3.889841
2.281014
5.571474
8.984805
2.136052
4.488121
6.723339
6.393903
4.16476
2.294127
4.608259
7.889849
8.198562
2.233963
7.48877
3.08116
7.54048
5.558561
6.150876
5.403714
3.842261
4.187395
6.022863
1.410873
3.394397
7.674928
3.335592
6.152072
8.972945
8.358231
3.612824
1.737521
1.46976
3.239888
2.36557
3.293663
6.539993
7.026252
7.235938
1.539858
4.89949
2.282779
2.200699
8.053224
8.747419
8.399831
6.69262
2.637977
7.931235
8.442109
6.396807
2.407968
1.121315
5.523264
5.372437
1.194768
7.350593
4.763746
2.910163
4.01934
2.968682
4.662598
3.838476
6.750322
2.590923
6.788968
8.827874
8.731501
5.277572
2.613361
2.832619
1.620821
4.217786
6.998008
8.700619
4.563564
3.464848
4.741958
4.725618
7.536721
2.015903
3.87916
4.053143
2.351086
2.282609
4.562932
7.313966
4.54335
2.129852
5.286943
1.486629
5.726235
5.018079
2.039949
4.582946
2.063474
2.673473
3.541908
2.36383
4.031324
1.164265
8.157394
8.229571
3.705576
4.168917
8.559812
8.259908
3.995995
6.598514
5.389732
8.782291
4.014532
2.038336
5.419303
2.763068
4.581505
3.125938
2.922
7.658754
1.561737
2.367139
7.997313
7.496041
5.021644
3.605232
6.951196
6.346325
3.169992
1.676842
7.119398
7.176144
6.67941
8.356374
1.258804
2.452517
4.335743
7.397339
5.595216
8.977399
4.347867
1.508693
5.388219
3.104961
2.340426
7.07102
3.062396
1.641275
1.409071
3.932561
4.41722
2.841401
8.348995
1.702122
8.279582
2.948697
6.067767
3.58303
5.96178
2.770913
3.137793
7.495362
6.508113
6.359279
6.444142
2.14179
1.107365
3.363719
6.769634
6.393449
6.23123
4.096169
2.690729
6.495268
4.454581
7.699494
8.832318
3.454863
6.049152
7.000005
6.489431
3.941368
5.139907
6.04884
6.39316
2.026556
5.649302
8.444351
4.65002
8.686735
8.033198
7.03644
5.609579
8.502375
4.446554
5.21539
3.09018
2.934
6.823067
7.75805
4.854484
6.83702
7.703134
6.251513
6.513299
2.243617
3.613505
1.559112
4.323844
4.838708
2.321727
6.560503
6.984597
2.494188
3.532211
8.965539
6.132859
4.424248
6.234403
8.295787
7.815169
2.753681
7.300067
7.933895
3.254449
3.136693
3.683211
1.390838
1.647375
6.680493
5.048642
1.074034
5.231425
6.756071
3.089804
8.504034
1.345218
5.532729
2.073354
4.133716
6.067732
2.426847
2.45279
2.247614
1.944884
5.80494
5.657974
8.832101
2.452195
6.874787
8.878603
7.334281
8.938233
8.062721
8.212876
2.144536
1.4986
4.248634
6.849128
3.990152
1.780241
2.363224
5.01935
5.126003
2.142834
2.723777
1.62109
5.762035
2.226832
4.748843
7.291683
8.809378
1.853522
7.664895
2.926534
6.265067
3.189059
3.93764
2.850776
8.583126
7.751174
3.820207
5.932076
2.600096
5.480904
3.670189
4.172692
5.236617
3.913687
3.422085
2.009873
6.34703
2.981591
7.478506
5.468722
7.347829
5.683558
6.647171
5.456645
5.101125
7.38661
3.786979
6.35992
6.00344
4.514168
6.779753
3.329099
6.594064
6.932632
7.007583
7.204674
6.412645
7.61625
8.921692
5.047345
5.386358
4.28322
7.173821
2.284244
8.266382
6.904339
2.481487
7.272517
4.746703
2.970981
1.917105
8.258465
5.817467
2.866233
3.608937
2.215035
4.541141
8.758296
1.722696
7.603342
4.647576
6.96465
2.460196
1.93745
7.871089
2.354916
6.897644
5.628029
6.413351
2.612536
6.137545
4.830477
4.010139
7.756456
4.139303
8.811986
7.496654
4.319909
1.254875
1.790609
3.241256
3.347345
6.282413
8.314159
3.758619
3.340028
4.783085
6.973722
8.184337
1.069953
1.692275
4.703248
4.525155
7.039389
4.526495
7.126248
4.476917
2.329152
4.155259
3.128968
8.552191
7.557645
5.590931
7.796701
6.278876
3.459608
6.892613
1.494559
6.867172
5.939609
5.848587
5.444538
2.031825
6.207627
1.667996
1.050835
4.391899
1.366121
6.54743
7.335731
3.652554
5.060134
7.440412
5.609069
6.864848
8.654802
5.504073
8.011695
1.756516
3.760533
6.128526
5.521042
3.718839
6.791902
2.160943
5.193804
7.628011
6.296783
7.391442
2.590216
4.642032
2.889598
2.411553
7.1736
2.634176
2.449856
5.008387
7.76028
8.227557
6.162998
1.173475
1.213472
7.626129
5.270572
4.071483
5.927895
3.05161
1.10977
8.464153
6.339807
7.322425
2.75376
2.650728
6.543819
8.403796
3.33954
8.153834
3.106985
4.078206
4.66601
3.766505
8.384836
7.656902
2.941455
4.085263
3.28651
3.622372
3.733797
2.208222
5.242398
8.875807
2.498062
1.542425
8.135433
6.14074
7.484066
8.941684
4.512302
3.287338
7.88927
1.866039
8.272045
2.320573
4.093157
8.923415
4.327939
1.612104
2.319491
6.69193
7.370434
5.192301
3.457444
3.84967
4.285892
7.998183
7.843802
1.365373
2.76758
4.45582
5.132371
3.088134
7.547804
8.702289
8.992266
4.640243
7.753598
5.988724
1.013198
1.010322
5.894514
2.413522
3.243171
8.836794
6.963284
3.991687
2.336217
3.483223
5.215691
8.045364
7.854534
8.134825
2.042427
1.084838
6.278459
2.603684
1.762171
2.069654
7.011272
1.16895
4.544854
7.149768
7.011633
6.055362
8.838078
5.31036
8.146892
6.142228
7.55402
6.820397
7.139396
6.952416
7.332492
3.660092
6.590411
6.239904
8.783469
2.428094
3.050838
1.308631
7.210763
1.478102
1.07208
5.490445
2.654197
2.216137
8.609049
7.814501
5.774693
5.687693
3.467394
4.974131
3.434086
1.22699
2.090649
4.520538
7.727808
3.418992
6.981236
5.071954
7.750734
8.223275
3.629699
1.746646
6.938936
4.696579
7.701997
2.104749
8.758026
2.29281
5.017414
8.233135
5.814401
1.594374
1.220125
4.455029
4.484871
1.570958
1.64795
5.909661
5.30371
4.14507
8.330652
1.950886
3.27899
6.398415
1.160195
1.106741
8.426306
6.14801
4.010135
8.550246
2.603709
1.917595
3.697778
3.741044
1.420209
8.705576
6.276305
5.632571
8.95911
4.900476
1.725723
7.473019
2.892963
8.991698
1.71889
3.231317
5.203123
2.649887
8.018153
5.063997
6.136053
4.882892
8.56916
2.187462
5.816395
1.572622
4.662984
6.382314
1.12038
6.837366
5.116561
2.006749
1.215517
5.622934
8.07588
2.408854
7.827196
7.883981
3.05945
6.898786
7.016788
3.905643
3.060841
2.456154
8.496928
7.129084
6.443545
8.339783
5.626773
8.14938
7.929161
7.748835
2.169273
5.775737
1.21827
1.241902
4.617796
6.843323
6.569556
8.121636
2.321151
1.067571
2.995762
2.65874
6.347982
8.318904
5.401379
2.83072
8.878381
2.991268
4.973629
4.658678
1.285935
7.772521
8.549962
5.1618
6.511995
7.459589
6.997078
2.704164
3.436452
8.372689
4.909143
5.31492
4.032504
1.46972
2.81218
3.20332
7.387963
6.513487
3.160427
6.050173
8.957241
7.160311
6.141801
8.82922
1.675973
6.303169
3.197366
3.758044
8.903904
7.238975
8.902035
6.291853
8.029071
4.647405
8.018823
4.112807
4.641615
5.84949
7.745026
3.614815
8.304856
7.475744
7.278176
3.33936
2.199242
1.083893
5.564525
5.938461
7.901765
8.812261
2.569937
4.65058
6.731707
4.624764
6.286329
8.288118
5.231238
3.506679
3.78239
2.441253
3.485556
1.584338
7.48774
7.123668
6.866839
4.864529
5.49859
2.512516
4.456858
8.314094
8.399461
7.18458
4.596759
4.975167
1.985427
7.242038
3.40137
4.334905
3.650453
8.886358
4.630739
5.706805
3.472971
3.026935
1.862711
1.798535
2.880939
3.573613
4.84123
7.229057
4.062885
1.253666
8.399796
5.726878
6.950252
2.260019
2.535182
4.836518
7.033019
4.465326
4.025012
5.86215
1.585018
2.466238
4.985354
5.72068
5.113439
7.19806
7.423113
8.754526
1.323172
8.009898
2.022162
7.220774
7.339346
6.874281
6.003843
6.583795
7.235105
2.085519
4.087193
1.479175
3.761337
2.037048
5.633535
4.764401
6.70771
5.234078
4.920008
5.43132
3.404871
6.09133
1.083745
5.378476
3.618546
8.189085
7.914418
7.943038
7.680847
6.48075
4.279337
8.418606
3.172414
3.805067
1.223574
3.971176
7.308551
5.209889
4.023169
7.062445
8.545341
8.127243
1.462066
5.621654
6.296625
6.698128
7.165203
7.767657
6.248202
5.195458
6.307451
6.630064
4.74389
2.387252
1.188838
1.3781
5.230997
5.074563
4.063536
1.395304
7.299432
1.179406
4.40994
3.793803
3.555318
2.306497
1.328911
6.899163
4.68149
3.07912
4.4656
2.189885
7.082758
7.828862
2.558425
4.86652
6.626485
2.921589
2.321103
4.472439
5.64055
1.574058
6.371037
2.967129
1.942444
3.542067
8.293632
8.661622
3.924193
4.703126
3.126663
5.153535
6.575757
5.511503
7.869468
5.881206
2.476689
1.244581
2.331051
8.903956
6.640666
1.294774
4.41215
2.795239
4.537739
5.215911
2.508996
6.747215
1.890853
3.359802
1.86224
4.670047
3.958776
7.104644
4.352571
2.964235
7.819365
3.892269
8.117952
7.538059
3.330237
7.483821
5.117423
6.212111
8.507003
2.479115
8.880317
7.415669
1.667013
2.029064
7.739054
5.845742
4.659584
8.166756
6.37035
3.227616
8.549148
5.386154
5.895176
3.708822
6.133856
2.62571
3.775227
7.625225
4.262876
8.260398
6.180052
4.461266
1.903544
3.536905
4.614767
7.401823
6.982272
8.23841
5.225835
1.11767
2.989953
3.546449
4.172851
8.174927
4.216926
8.906261
6.298581
3.234906
1.2439
6.946648
2.25902
7.209845
7.223648
2.745694
6.739417
3.517535
1.277162
8.065626
3.311689
2.53448
2.594992
3.063596
5.266064
6.738212
3.715565
4.450564
6.973205
4.61187
7.393106
7.975369
7.696512
5.680142
5.002422
2.164887
5.060427
2.751196
1.028652
4.514359
1.297917
3.023908
6.733273
8.7168
6.801638
4.112067
7.958118
6.6378
8.497542
1.724647
4.640616
5.540669
7.599935
7.476057
6.086223
4.684202
2.073683
7.738821
1.148368
1.700067
2.143879
2.110461
2.836459
2.887015
2.947119
5.777773
5.202307
7.474089
7.025161
2.154525
8.284502
8.498498
8.563215
3.258751
8.152488
3.077179
4.447852
2.033197
6.395612
6.19234
1.719392
4.923142
6.049077
1.625323
2.494995
6.519063
1.644162
6.402766
4.978581
5.023068
4.868581
1.282713
5.188731
4.256771
5.531514
4.36497
1.582056
3.254768
2.952502
4.947547
7.883268
5.050897
6.987917
8.603579
2.672439
2.735814
6.166061
5.980368
2.98655
7.039347
1.282469
3.621978
7.405168
8.797387
8.227254
4.121475
1.891974
3.25305
8.938928
1.599538
5.217309
6.505558
3.948921
4.482008
4.542247
2.40879
7.181502
8.241807
7.241941
6.49539
3.723443
1.106226
8.406895
6.95752
3.994795
6.942443
4.634691
7.408269
7.918373
4.273134
3.912871
7.346888
7.457865
4.228745
6.109725
8.186623
8.490367
8.543496
1.362321
2.867603
2.285908
4.739624
3.829442
8.626811
1.217947
8.977141
6.3274
4.852745
6.650257
7.627669
5.301027
5.236367
1.795128
1.715676
4.980366
5.783439
8.177852
5.857297
1.095829
5.947258
1.728299
1.477237
8.323922
6.895199
5.526814
8.707478
6.515495
4.778827
8.221222
5.028283
4.539228
1.254584
4.961808
7.783291
1.493116
1.169625
6.412736
5.263217
2.450253
1.645578
8.65735
3.634396
2.647627
1.249411
3.882535
6.144557
6.898891
2.753605
4.941902
1.407238
5.980711
3.148224
1.753072
7.356754
2.562741
4.003447
8.954051
1.317786
7.023305
1.121077
3.177988
1.892654
2.097412
3.54597
2.065129
1.493304
1.415013
4.822731
8.613838
6.427766
3.731394
5.959892
8.215668
2.715986
1.404433
4.811654
6.878908
4.667534
5.298449
5.992907
7.893017
4.62065
6.359015
4.296543
8.269825
6.805616
7.720458
2.134103
6.591739
5.248175
8.165
7.913054
5.127683
7.12885
7.28571
7.540054
1.269197
5.705944
8.02937
3.020506
8.414862
6.138025
6.394657
7.634555
6.180907
4.52423
4.142788
6.086918
8.719017
2.629406
2.743763
6.657614
5.002152
5.195461
8.314711
4.671453
6.06195
3.15717
7.646786
6.923225
8.383537
7.707212
5.76914
6.444717
3.347684
7.73137
2.268057
1.570345
3.680014
3.743003
5.122905
3.342922
2.734493
5.657796
1.662545
1.345224
7.936137
7.593498
1.898322
1.94383
3.32816
3.059563
3.152627
2.462639
3.544169
1.044985
5.220267
3.100909
2.765512
3.071609
2.269177
2.147526
3.353735
2.156408
6.865518
5.814472
5.633217
3.199843
4.606781
6.069652
1.976361
6.722356
6.294805
2.701994
2.14926
2.039242
1.536612
2.566182
5.144712
6.417622
7.477156
6.67615
4.676209
5.042557
4.174996
6.212349
4.766444
5.476036
8.628937
2.796145
3.190583
6.281396
2.025344
1.973202
5.0748
6.027931
5.232559
8.692622
6.412065
6.84829
2.260283
4.417265
3.465059
5.864241
3.07185
1.410251
3.604132
8.756413
2.076865
2.047806
8.389493
7.967514
2.675001
8.692223
4.575925
2.457015
1.277114
4.903677
1.268206
8.905638
6.620929
5.449631
8.912839
1.468516
4.355806
1.695933
7.69653
8.440667
4.783345
3.8543
1.178565
8.00139
4.362766
7.291586
3.522517
1.599532
7.416504
3.875107
8.331581
6.52667
5.664733
7.471142
6.615255
4.632988
6.922235
2.165314
2.823266
7.484804
7.474029
1.123464
6.698078
6.320571
2.758695
4.541632
7.710373
1.155686
6.243689
5.35868
2.012097
6.773152
1.730218
6.806779
8.855981
5.205404
1.886863
5.086737
1.695449
4.999464
7.19316
1.376831
6.469517
2.590585
4.643565
1.706584
3.999453
2.82838
4.729448
7.283638
4.947883
5.360751
7.164829
5.084689
2.09729
4.936016
8.114708
8.529828
3.146184
2.241005
7.778929
1.326624
8.543564
6.06983
5.608128
5.179195
2.274269
5.122383
8.892323
1.617273
3.699062
6.019301
4.438435
2.611346
1.408909
2.043799
4.517316
5.802927
6.582113
5.96205
8.158757
5.237118
3.588494
4.922156
3.536813
1.33792
8.455087
1.357913
4.865991
4.080036
8.014253
6.3896
4.726041
2.771028
3.525768
6.195857
4.534889
8.316338
7.99827
8.782557
4.90963
7.115342
6.986862
6.973394
4.085739
5.21355
3.787224
7.814061
1.721805
8.320629
4.291335
6.109444
5.080052
5.221378
4.275931
2.550641
5.126595
7.108751
7.2506
4.914912
8.702205
6.497957
3.346524
6.891896
2.112631
7.230507
1.946624
5.829041
2.31876
3.10929
6.602489
5.229602
7.509935
4.542007
4.853802
3.14681
4.837829
1.73497
7.620966
7.437053
1.191841
7.736998
5.224554
4.840417
3.727936
4.240536
8.997602
8.294967
5.155134
8.411311
4.589269
7.621603
3.187539
7.138932
4.367728
3.470297
2.062182
6.763328
3.59309
2.23222
8.882585
1.895878
5.97675
8.876932
5.350773
5.766823
4.643399
8.5991
5.993595
1.459107
5.538564
7.111341
2.89497
1.074061
8.749464
3.049289
6.66906
8.868245
6.251801
6.711718
6.405304
7.14168
2.591797
6.165011
3.456293
1.372566
4.920217
5.701499
7.20766
5.195704
7.243074
8.431941
7.045704
7.450483
1.32196
5.842057
5.386501
8.672969
1.638808
6.391673
1.069715
2.781933
4.044852
3.589754
2.189384
3.364158
6.332531
2.004059
4.187689
3.66623
1.701202
7.708559
3.341239
3.500726
8.951771
1.827807
3.281657
6.455505
8.902964
4.185455
1.327438
2.942333
7.941538
6.366889
1.352602
3.955031
7.116301
8.326182
4.408686
6.647451
6.658811
2.15747
7.133346
1.73884
2.799596
2.428702
1.291292
4.757341
5.686556
3.123934
5.112413
1.912992
6.532353
6.707859
7.487194
8.867245
8.338125
2.289171
4.113235
8.071872
5.712352
7.525752
5.200725
3.059719
6.694287
1.409019
7.28187
6.248836
1.399145
4.053364
8.277431
8.403262
8.659703
5.745301
4.89349
3.353275
8.273675
6.702448
5.748831
5.733522
4.136503
7.483023
3.078525
1.867048
4.979022
1.456838
1.878174
6.162938
2.625382
2.871072
4.487505
3.922068
8.539342
5.369411
8.500767
2.96835
4.146329
6.381912
6.938142
5.248775
5.432475
5.887484
3.988737
5.992374
3.8328
4.447692
7.741283
8.978325
1.882858
1.039386
7.545824
4.796874
5.711221
7.012627
3.8857
8.040867
3.066067
4.738671
8.912298
7.567203
8.575452
5.845668
6.638506
1.286368
7.773352
4.123169
1.392516
6.961468
5.337648
1.62017
1.743565
3.227627
6.58344
4.08068
7.285766
7.643701
5.36106
5.358508
2.722927
6.494314
7.039439
3.088595
1.545904
5.264465
3.291546
6.075164
7.826914
4.003135
3.935044
1.786482
1.436055
1.790742
7.885502
3.992292
8.636479
2.517867
5.567549
6.907735
8.831926
1.03064
2.850961
6.50569
2.594917
4.636612
5.602428
7.564234
2.788902
5.326947
1.403295
7.331806
2.374783
8.752146
7.700485
3.755997
3.057247
3.277986
3.801552
7.894065
1.437015
3.8668
3.465131
7.089521
3.975414
1.701926
6.592746
7.429374
7.343388
2.875364
1.148938
4.321123
8.977522
8.422285
2.196743
7.398553
1.439486
6.29336
4.255196
7.90769
3.481948
3.023526
5.512762
3.791099
2.38934
6.070312
2.166554
8.396535
7.280445
8.673424
8.562078
1.407033
1.556881
1.481802
3.999578
7.79244
5.67202
4.37235
3.586687
6.697554
5.237839
2.83554
5.550728
5.035289
2.39017
7.523648
7.222642
6.600282
5.762452
2.158332
7.179549
4.634962
6.394712
4.009972
7.801373
6.365525
4.685645
2.737697
2.452033
4.136676
1.701122
8.832623
6.651542
8.8286
3.509333
2.517648
4.246561
6.942641
8.188395
3.429157
2.854359
8.96524
6.466966
6.256305
1.8598
7.325342
7.008989
2.297589
7.282572
1.480102
2.185969
1.822262
2.869518
6.760592
7.462374
6.064519
6.64887
5.443677
3.546684
7.592701
5.198765
6.632797
2.482963
1.851722
6.988096
8.584947
5.345907
2.828425
3.095598
3.350297
8.271403
5.218982
4.295123
8.279752
7.637016
2.966569
2.832657
6.71094
1.855662
6.927039
3.864426
7.390247
6.793007
2.593718
8.302864
6.535535
3.424501
7.021226
6.417788
5.643199
2.63639
6.515359
2.476921
5.751516
5.469304
4.07475
7.614574
1.555798
4.599093
4.363084
2.161448
7.965711
8.549751
3.20268
5.458546
1.559282
6.514165
6.18622
2.927434
4.250738
3.000634
8.924971
8.115663
5.41394
1.270236
2.586366
3.895851
5.583648
5.348951
1.109027
4.905278
2.953612
1.139085
5.136175
7.25445
7.334767
3.422588
3.614111
7.200465
3.902175
6.579466
3.95027
4.173978
8.772884
2.258604
8.673991
2.393593
4.549033
8.281586
5.538816
1.954126
6.175357
1.202677
1.581604
2.813482
7.898759
8.255662
4.713726
8.714583
3.011407
3.191451
1.567844
5.148826
7.359701
1.426853
5.080015
1.932812
5.021954
2.345208
2.912507
8.426784
3.881108
5.334409
4.366197
8.927837
1.268751
6.603251
2.25621
4.905147
2.065374
7.37212
4.772166
5.360784
2.385324
6.955135
4.508741
1.206292
6.870399
5.384513
2.236267
7.868156
3.329404
6.165368
7.069428
2.502873
8.992292
5.051425
3.320652
2.058588
7.585159
6.897714
2.997202
3.876055
5.422895
3.815108
7.817073
1.397026
7.719915
1.066872
2.252736
4.118713
3.092569
2.069707
4.589141
5.302936
1.37471
8.625056
1.380271
5.112784
4.502865
4.159015
6.300503
4.485873
7.334486
7.226178
6.964842
8.872005
2.7842
5.800836
6.325513
5.938142
8.707328
1.293158
2.379385
1.605507
6.228121
1.885087
5.261808
6.149378
7.730398
1.192991
3.619507
3.495374
2.414153
2.207617
2.111556
1.419126
4.837632
4.597933
1.44403
3.80834
4.995341
7.204778
6.040352
6.040352
6.538584
3.752654
7.84924
8.954358
7.065267
2.901349
3.325926
3.674725
3.009737
7.662148
1.951465
1.345999
5.116909
2.857865
3.058006
7.793079
5.318905
6.737248
7.313927
2.038816
8.035786
2.056684
4.75763
8.941782
5.730345
2.404349
6.237422
7.979272
1.012053
3.447136
4.170633
1.961772
3.167178
4.490511
3.501439
6.148511
8.172179
8.540905
4.044277
1.29402
2.185098
2.398925
1.225525
1.679871
4.228316
1.892681
7.897984
2.428494
6.563407
6.380206
1.553456
1.690149
8.880054
5.433486
6.475593
7.706583
4.131522
1.633626
6.138218
5.074735
6.990594
8.887153
8.440656
8.763316
1.23979
3.930498
8.643373
2.787393
8.173643
8.177408
8.481082
6.284408
6.937053
2.577774
7.73589
2.075561
1.952216
7.145621
2.608569
8.132515
7.425049
1.996995
1.868233
5.252449
4.932276
7.154646
2.788129
6.06935
3.207111
6.847563
7.823042
5.842772
5.920831
8.541714
2.874724
8.843145
2.499913
6.639182
7.847195
4.034879
1.069881
1.188466
2.107795
6.026617
1.410234
4.484249
3.454368
8.143869
4.704485
6.988811
2.843
4.910525
1.863523
1.836942
3.475315
1.488935
7.832099
8.228063
7.76999
5.292776
3.440029
1.63618
2.081859
6.911478
7.537235
8.589618
3.18756
7.176236
6.330882
4.660458
5.869125
3.584336
3.815129
2.402424
1.19291
5.299625
6.433244
1.555895
2.088907
1.008698
2.69833
3.928246
2.466729
7.437681
2.092721
6.403751
1.898502
5.603377
6.191585
3.217815
3.732358
7.242159
5.330892
4.707607
8.542245
4.574579
7.73877
6.274205
8.774862
5.552405
3.514297
5.849765
6.774516
3.949226
6.754263
4.621958
4.83649
8.939153
5.932793
7.877419
5.779167
4.159826
1.330402
1.407308
2.525559
2.47407
5.973063
7.764759
1.762007
1.002461
1.982359
1.414871
5.138439
8.867289
1.264835
8.758921
1.262712
3.114658
1.178157
2.566394
5.976455
8.37971
3.007345
7.977389
2.596452
4.811707
7.079899
2.056409
7.136299
2.778381
3.863963
6.010764
8.710198
5.290344
4.317302
7.936318
8.211504
6.153249
7.0807
5.150364
2.41643
1.364009
5.226249
2.820189
4.132105
3.128565
1.639471
2.109897
4.089532
2.596325
2.164963
3.171847
4.889969
6.986474
1.903779
1.757804
6.144399
4.241363
5.530016
1.670633
6.689484
2.526225
7.05691
8.106683
7.784714
4.936145
6.261703
1.376932
2.962588
4.38017
3.786349
4.556887
2.511804
7.325435
4.087388
7.628222
4.630529
5.80224
7.476484
2.884346
5.741129
4.822238
2.292891
2.044503
7.523359
4.323273
2.49568
3.301867
1.155614
6.286177
1.086301
1.196993
7.751691
2.371653
7.365622
4.156347
1.119538
4.671057
7.297885
5.046844
7.169759
7.235598
7.975535
6.546488
2.237414
8.325488
8.083331
1.707583
5.310527
4.361234
4.87425
8.432685
7.803529
6.330884
5.081631
6.488599
2.903696
2.171561
4.552508
8.449404
6.032254
2.260633
8.909023
7.786425
7.790804
7.089691
1.588157
1.300465
7.924
2.4491
1.042345
7.831866
8.373781
1.80287
2.014878
6.887387
2.812393
7.953733
3.642712
2.707027
1.898347
2.923579
3.093142
6.379704
8.673443
2.410692
3.058579
6.601074
4.954499
2.488923
4.056721
3.083547
8.968478
7.218436
8.745219
5.162666
6.385779
5.636538
7.788464
8.44276
2.329236
2.630799
5.567148
5.259282
8.996049
1.593581
3.714264
6.109231
5.097658
2.536867
2.208926
1.769212
2.700402
3.92232
6.261006
3.843617
4.977469
5.431379
7.2395
7.920454
7.853551
5.131822
4.245122
1.71907
6.828302
1.214749
7.626102
8.472254
6.57672
5.435662
5.095121
1.035431
7.362376
8.389855
8.669741
1.432141
2.718936
3.237765
4.340427
3.566579
8.287563
5.252586
4.788987
3.620368
2.75479
4.884497
7.521587
3.298647
7.701955
4.350212
5.132105
1.140733
6.801598
5.383057
7.351021
5.658467
1.510655
4.846923
4.620289
8.788669
7.406287
8.625318
5.186277
4.562956
8.115786
1.057427
8.034317
1.146904
5.157909
1.862878
7.193057
6.251627
5.873997
6.415632
2.761423
1.335505
6.107148
3.518991
8.827572
4.016807
2.459742
1.899316
2.334729
4.934039
2.641228
2.928961
3.56822
3.40293
6.036045
3.215978
4.382108
5.106647
3.789973
1.678772
6.895395
1.471157
5.675389
3.286082
6.758932
8.559205
2.971657
7.653607
6.383135
4.173809
5.392625
2.967932
2.51613
5.396053
6.668497
6.623821
4.287924
4.58557
4.71913
2.026264
6.993924
5.461767
8.199378
7.373975
2.280339
4.387526
3.468389
8.181347
1.381986
1.974703
3.372242
5.6883
5.408298
6.487651
3.542362
6.864177
6.917553
3.625955
5.549094
4.235743
7.134335
8.806412
6.961118
2.17622
8.781789
2.47561
3.302567
8.986728
6.696828
7.696494
6.80075
1.803081
8.829604
1.503592
8.894086
1.769019
5.581387
8.847475
2.680645
7.090425
4.958086
4.372292
3.467774
2.769466
6.842895
3.607767
7.893822
6.299442
1.429507
3.474684
5.072537
4.390068
2.161771
8.483475
5.513211
3.227378
8.789456
5.45018
3.496592
6.339006
1.477469
5.249275
7.387061
6.710996
5.128728
2.596865
6.208418
4.001682
4.552804
7.781712
3.573243
5.370727
6.898919
1.416038
7.672363
4.805106
5.012549
2.634077
5.300631
7.028356
3.312369
3.052517
2.616468
3.582738
7.331427
8.929049
1.559966
1.432855
8.461973
7.90521
7.283108
7.763044
1.362299
7.482952
5.493887
3.44236
4.443764
5.243041
7.054725
7.106016
6.810576
5.507527
3.970537
7.321077
4.179408
4.206958
4.933688
7.376945
2.261835
7.503034
3.567771
3.282718
7.038897
2.352195
2.56799
4.093539
6.290574
1.078645
1.849059
5.959287
7.126868
3.745909
4.065313
2.603367
3.875793
8.158681
7.912486
1.875498
5.245481
6.541572
1.105285
7.4302
2.314739
7.969835
3.557403
7.272803
6.844018
6.81358
7.354164
4.332787
4.300488
4.208021
6.331647
5.658539
3.104304
8.822657
5.179722
8.724121
2.486154
6.744798
2.266136
3.338649
6.323073
4.918012
6.833451
5.726436
4.568282
7.041522
2.106701
8.852108
1.630627
7.41646
8.54074
1.568926
2.094097
5.847994
2.239881
2.911955
1.022209
7.893075
7.034608
1.44677
1.046917
5.645415
3.547741
4.242156
4.519109
5.6096
3.278166
4.063702
5.647183
3.742534
2.367292
2.26845
6.54537
7.976802
1.93284
5.485939
3.459567
6.033974
8.408341
7.511677
8.840634
2.309058
8.918702
1.746515
7.596494
7.374583
7.721493
2.840099
6.226629
7.807873
1.341706
2.204223
3.295403
3.291821
4.280329
2.024468
3.862173
3.8117
3.557465
6.647976
6.589141
1.848545
8.881317
1.981997
3.260692
4.214029
3.230126
4.162425
1.35766
4.721404
5.476698
5.512075
2.618402
5.684314
8.458559
3.765217
3.705925
2.384398
4.577051
7.985652
4.303708
5.471239
8.446347
6.760652
7.874582
1.642617
4.693128
7.867531
6.490339
2.596966
1.471258
6.871161
4.528238
3.540241
6.331277
2.334684
2.59917
2.000468
1.196459
7.772805
7.906035
8.084539
3.401448
3.779408
4.538076
2.80876
1.022032
7.077625
4.919789
6.633355
8.131787
6.964533
1.791439
8.157305
7.631406
6.826902
3.910127
4.816265
4.789334
1.642654
3.684899
8.452186
1.634227
3.7115
7.269534
2.937369
4.571884
6.127855
4.036795
8.513786
2.363421
8.051782
3.964537
2.2682
4.058442
3.198224
4.635575
7.975511
4.248922
3.559808
7.783147
8.094858
3.031696
7.581059
4.716907
4.581875
3.267862
7.278811
6.353108
2.001995
5.179106
1.916593
2.346413
1.231245
7.660213
7.77206
1.530842
8.356323
4.052059
4.656565
1.079618
5.777979
5.963224
8.78678
3.455395
2.602862
7.94873
3.738994
4.457684
6.467377
1.642255
1.72088
3.091445
8.981012
1.037561
8.209346
2.990691
2.700165
2.529246
1.887544
3.006676
1.602755
3.383428
1.198589
1.672077
6.176072
3.866636
1.929471
2.42556
8.462318
8.347666
5.076483
8.050236
1.874018
5.514621
7.821547
2.354645
4.563854
6.707562
2.778009
4.581146
2.236024
7.609462
4.085931
2.523006
6.683333
6.246505
1.760979
8.470145
2.825611
2.75236
4.724735
1.98875
6.418998
6.047025
6.599233
5.648789
4.103119
5.649487
8.737035
2.075589
8.477013
7.602124
2.205956
5.287966
4.523946
6.472902
5.148973
1.319523
5.72408
8.337506
5.621031
5.75711
5.064916
7.934552
8.14459
8.997578
1.001405
7.374946
2.58113
6.482946
2.808291
2.741143
7.923382
3.207887
3.71277
5.562545
5.786299
8.232837
3.868729
4.10299
5.232471
1.870984
6.77657
3.440283
4.216203
5.384688
4.875539
6.241727
7.433259
8.371378
3.272007
2.398841
7.808544
5.196072
7.991103
6.697758
5.299556
3.714973
1.754667
8.465328
4.800664
7.3505
3.082744
2.689837
4.524116
8.725784
5.348284
5.107266
3.539946
7.620341
6.538928
5.790954
4.369023
7.370685
8.706506
2.764503
8.025794
3.976986
6.979653
2.278453
7.286987
8.479718
7.006841
1.035188
6.34192
1.861324
1.619048
3.902118
5.942035
6.105694
4.274387
1.09676
1.954475
7.916114
3.299688
6.830127
8.360786
1.61102
8.631227
7.774119
7.303684
4.654123
1.627553
6.223925
4.34685
5.945855
4.686437
6.644958
6.805557
4.088781
4.696603
8.110424
2.405937
3.521917
5.955681
4.575067
7.321976
8.756921
1.847522
5.337994
3.889203
7.061558
6.111231
3.29513
5.963785
5.766938
7.8074
2.664669
3.571226
5.136955
5.265056
7.267723
5.784586
4.551099
1.638018
3.995424
6.715946
4.210083
1.7121
1.499659
8.139082
2.150281
8.864596
8.340608
2.38441
3.791524
3.318844
7.116017
1.997387
4.014429
8.636856
4.519657
4.387295
6.989234
1.449679
2.389978
7.160138
1.147676
7.710049
5.340624
8.732802
2.972509
1.602956
3.73293
3.196299
2.913386
6.984011
6.904402
1.99705
4.557465
4.888121
1.283612
8.28301
4.304167
8.734352
6.373842
7.230531
2.367564
2.70059
2.519059
8.397287
2.013502
6.415866
7.942533
3.766297
6.631423
6.260943
6.635612
3.422548
1.081798
8.699813
4.493129
3.691124
1.129359
2.677552
7.637113
4.044221
4.409843
7.952638
3.183418
6.950352
7.905491
4.556846
1.222234
4.315248
1.282098
5.45678
1.417294
5.936334
7.48848
3.401259
5.29528
3.535034
5.566542
6.20977
7.246708
3.269799
1.333092
8.464666
8.398507
3.733651
1.784437
4.085646
1.871387
2.722824
5.701693
3.314665
5.578293
2.686956
7.538685
1.477361
8.660354
3.807359
5.595443
6.17527
6.12178
8.987865
2.653151
5.630503
3.899474
5.11319
2.025448
2.537845
3.26723
8.376927
3.930146
2.72819
4.458791
2.921676
6.87272
6.088988
5.565942
4.720573
6.025113
7.965644
3.120771
2.154043
8.772122
6.665179
6.590509
4.326065
6.033596
6.394039
4.121571
3.322728
8.066178
3.706005
3.339915
7.46443
3.28831
1.35773
4.029765
3.597259
3.846513
3.122071
7.202583
4.875764
6.390797
4.557285
3.511107
1.009493
1.043782
8.247127
7.186691
8.275548
7.502175
3.043342
7.447054
3.554329
8.107043
3.300505
4.769439
8.148492
6.63494
6.578442
6.477516
6.727821
5.180106
8.045735
7.730943
1.248211
5.266254
4.488357
1.840135
2.463238
2.800883
1.958713
5.35103
3.291043
5.257713
7.399257
1.363697
5.228263
3.532186
6.70551
5.166333
4.191129
3.121308
5.179979
8.37797
3.57959
3.921117
3.748326
5.76961
8.822203
8.045492
7.522299
4.286178
7.369522
2.602766
4.997206
3.621617
4.179917
5.348237
4.683807
7.150458
5.23313
7.410275
2.789273
3.239142
8.718104
4.15874
7.701945
6.07543
4.334874
7.152432
1.080232
6.612282
6.753342
7.879263
4.263307
7.67464
2.453241
1.393353
3.960856
6.841466
6.701021
7.817562
6.394646
6.658821
5.440761
3.603518
6.45139
8.263937
3.190262
6.703322
7.597846
2.772512
8.548673
6.93434
1.528656
7.405707
5.35936
2.973577
5.288956
3.135563
7.569736
6.573882
8.4873
4.061926
6.4186
8.800976
8.52729
1.376479
8.885165
1.623072
7.350134
8.473356
2.454187
4.670602
6.295035
3.833802
6.05206
8.924146
8.772441
6.227986
1.181781
4.784375
6.025507
3.304532
7.714204
8.599551
8.221166
3.060523
3.211667
6.696385
1.192903
4.897968
8.422758
2.497404
1.164545
1.905856
3.608989
1.135745
8.728472
5.683168
8.915893
8.406533
6.114902
7.697831
7.809277
1.187373
4.808162
8.54341
5.978372
1.319361
6.345829
8.559252
4.662884
8.67428
8.246916
7.269614
7.708701
1.923179
5.296634
6.617398
8.868858
1.087855
7.011492
4.203903
2.901327
1.462046
2.186954
7.223164
7.655234
1.279021
4.970448
3.69529
5.36402
2.906062
8.645839
3.34433
5.196278
3.477997
1.094084
3.535015
7.383595
8.177821
4.831747
1.82217
6.399978
6.604832
2.979888
8.475705
5.308833
3.099431
3.758878
5.925561
6.617646
7.549728
4.707011
4.573071
2.903786
5.839047
4.446266
7.908363
6.692672
1.190319
1.046397
5.099222
8.643166
6.804252
1.735683
2.004144
4.705271
6.591013
6.729603
3.883168
3.032177
5.241837
5.884888
1.085354
2.750325
5.839548
2.68789
6.096704
8.763773
8.178327
6.782084
7.87292
6.021478
2.311468
4.491363
7.973811
8.190317
8.711404
4.370844
2.835788
7.235602
1.551864
2.663908
8.10568
4.022938
6.867574
3.912638
8.760374
6.121929
8.427418
5.524234
8.677232
4.187607
1.402654
1.205692
3.314135
2.535596
3.737986
3.669377
1.623774
4.52059
1.918038
3.747165
2.088794
3.184038
1.666791
1.033399
6.603317
2.548803
1.311378
4.357504
7.362895
5.841703
7.418513
4.797061
5.335239
3.67739
8.934444
3.659929
5.348045
1.225952
4.919687
4.269914
6.821324
6.197912
5.053224
8.30676
7.639859
3.002272
1.983028
8.576293
4.77724
2.761553
7.066836
4.86651
6.62798
2.428485
2.53362
2.461202
8.174955
3.616097
1.781059
2.231967
4.160419
1.543567
4.200119
2.435226
3.991967
1.980075
7.524239
7.142513
1.743084
6.022804
8.480148
5.899811
8.126023
8.463388
8.561195
3.946649
5.952496
1.704518
1.921551
6.06366
6.17449
3.889453
5.807745
3.848053
5.344718
7.698389
2.301194
3.292581
2.356485
7.823016
1.831241
8.851845
6.330626
5.312415
8.996058
3.493739
7.154146
1.111571
5.059622
2.974055
8.904937
8.551074
2.445932
8.411049
5.03001
4.559314
6.890534
4.839569
4.104166
5.722858
5.815302
1.990457
4.590471
2.031429
1.432801
6.496967
1.843515
6.030882
6.903229
4.806716
4.42644
5.341681
8.120746
7.946848
7.821392
1.373545
8.020564
4.795817
8.758714
6.73778
1.129148
5.333547
6.043717
5.727589
3.472816
1.311852
2.440949
8.657246
1.877059
3.246172
8.042288
2.968553
3.914752
7.611336
3.492767
5.482734
2.55622
1.445918
4.537008
5.892529
2.699294
3.536839
2.16752
1.37575
3.441165
6.885295
5.787773
6.359588
2.064748
8.806577
6.242025
8.65746
7.55465
5.466523
7.623428
6.886129
1.732104
8.928339
4.087953
6.540565
3.601763
6.563664
2.118141
3.620097
7.509088
7.834654
7.241024
4.621817
5.039586
8.059365
7.842196
6.278812
6.401751
4.182011
6.381867
3.828998
8.752598
2.855235
3.323015
4.117949
8.042687
3.043432
2.899074
2.486102
1.841105
5.424688
3.862272
6.61583
8.09639
6.994827
7.11586
6.896416
8.296511
4.479385
3.104309
5.405744
5.460427
2.610518
2.974844
5.721355
7.768108
5.737285
1.142879
4.738921
1.369696
8.429538
2.987814
2.245017
6.014223
8.034409
8.785864
4.891633
1.036792
6.69975
1.877653
6.78166
4.523247
8.112508
5.761132
2.474391
8.998583
1.584004
4.561059
6.108332
6.46559
7.839339
4.046902
8.895623
6.359031
5.393152
3.940807
4.571912
4.765263
5.626537
1.038839
6.145006
7.830916
3.31725
6.959646
6.865787
6.92779
6.938073
3.798272
2.262432
3.740477
3.747855
1.95894
8.812665
8.798723
1.501297
6.749191
1.34106
7.329606
5.273505
3.209606
7.793411
2.537877
3.646383
4.764634
2.302733
2.242955
3.445582
5.759787
4.905046
7.20844
5.285889
5.373713
3.42447
7.594276
1.136403
5.531026
3.551534
8.179235
3.014758
4.075139
8.818324
7.138377
2.056494
7.881859
3.235508
4.053669
2.346733
4.091349
2.798913
2.591844
6.600983
4.416141
1.196183
5.673995
4.55654
2.434963
1.338363
2.761982
1.15425
4.676028
6.31369
6.296487
6.853929
7.269842
5.237404
1.058181
4.734342
3.95379
4.241229
5.207591
8.835729
4.269779
4.672322
5.83839
8.037106
6.252886
2.569903
6.779183
7.199785
1.026531
8.546524
1.893661
3.835168
4.23003
4.141236
6.816965
3.080221
1.07705
4.303297
7.512216
1.611816
3.732185
1.092878
8.713774
1.823353
5.63086
7.715562
2.635122
6.386013
6.798879
3.363715
4.812424
2.633499
2.658799
1.826755
3.64622
1.339834
7.262354
8.951409
5.76572
5.12529
6.885282
5.037263
7.885921
2.999368
8.367448
5.779518
8.882317
6.449978
7.801148
1.613852
4.671926
5.4507
6.793785
3.467936
3.593413
6.503238
1.458161
2.60466
6.708611
3.297578
3.419608
4.343067
5.329605
8.37204
5.20119
3.605119
5.335745
3.99159
7.281839
3.5371
8.140692
7.016124
5.73947
6.771173
1.743472
5.818396
3.891717
6.774187
2.892169
1.506358
1.738288
6.704831
3.558457
2.789373
8.54127
8.80832
3.149511
3.287589
6.192014
1.108532
1.435431
5.357583
5.100349
6.971103
6.826983
6.020799
3.20159
6.640897
4.037693
6.877584
6.551658
1.437306
4.892297
1.029541
2.514036
5.186748
5.660163
3.612049
3.935378
4.460161
3.778326
4.157871
1.49908
2.047049
2.291068
4.294112
3.139091
3.310917
8.425783
5.611575
2.410054
7.242777
6.536318
3.835759
1.208459
5.238419
7.547194
7.645517
1.201536
4.9984
4.602508
1.886211
6.768922
7.054566
2.837377
3.024352
5.364743
3.589047
7.852007
5.604618
5.1605
8.614105
4.07837
5.808277
4.217578
8.757359
8.814073
8.344092
6.416598
1.523422
5.024585
7.888006
7.256716
4.144804
1.337206
7.820658
4.926289
8.138816
4.627555
7.757178
1.752968
5.00307
2.556773
7.36726
2.931871
6.990861
3.115336
4.266512
6.295454
4.451989
4.345664
1.057312
1.750946
1.784811
2.634479
2.767655
4.594015
7.921521
2.624886
3.139212
2.667366
1.825035
3.241003
1.288593
8.161937
5.160717
8.411568
5.473349
7.635144
7.531207
7.712896
2.553007
5.502525
8.84735
7.212331
8.311381
2.50725
1.861999
5.135579
6.289281
6.561392
4.235025
3.668322
8.196542
2.325514
4.684264
6.279436
7.905981
1.491905
1.309341
5.5071
2.507249
4.522658
4.101548
3.606496
6.746956
1.397413
4.293283
7.353173
1.384083
3.557384
4.106372
6.279847
4.547186
1.413811
7.115607
1.821148
4.708257
1.177376
4.249982
1.82313
8.931991
5.249149
4.399727
4.137361
3.873317
3.659544
6.963367
3.251259
1.934308
5.165488
4.139183
5.945528
7.853856
7.910082
1.670961
8.21501
7.409178
5.699597
8.186188
8.399194
1.711904
5.770781
4.133156
3.104592
5.420725
7.839478
6.111072
4.528492
6.62627
6.980234
4.366985
8.126887
7.637971
6.304886
4.51174
6.672795
3.343568
8.766017
6.687297
6.999781
6.124895
5.855357
4.27528
1.775119
7.911367
7.917937
7.807336
7.723929
4.769385
2.964017
6.713843
4.889158
5.199318
8.472809
3.170487
3.613406
4.840818
8.267781
3.840593
2.219155
2.687679
4.733931
8.314837
5.707085
3.407368
3.452095
2.132875
3.783244
8.006219
2.173509
5.490431
8.533066
7.282539
5.269867
3.498121
8.841174
1.293954
3.794157
8.939472
2.148251
7.639824
6.130374
8.573002
7.678132
3.058758
6.101462
3.422559
1.38611
5.413286
1.366333
2.523568
7.735063
7.001356
5.029
7.939925
7.746789
5.109403
2.240525
2.398933
3.238294
6.252992
8.158322
8.48078
3.015409
4.001312
6.755975
4.866007
8.979948
1.578791
2.58561
5.672301
4.206648
7.448967
3.47646
2.22154
1.133944
3.371241
1.763863
3.925049
5.465291
5.799165
7.929843
7.698304
5.992822
7.044603
4.334778
1.372078
8.050475
7.732058
2.503817
7.005275
1.773733
6.248647
3.345947
4.974289
6.485008
2.663468
8.502491
7.435381
7.295921
4.558107
7.860083
8.602523
2.550512
2.883003
8.718081
1.355168
3.678211
1.46485
5.523177
1.682681
3.426157
6.324792
3.762167
2.603497
5.700967
1.195742
7.79453
7.664857
8.662491
6.273705
8.556512
8.995127
5.609895
7.160273
6.947078
3.852942
6.243594
8.277527
1.415597
8.119223
2.498989
3.186525
1.780051
3.813779
1.898642
3.395776
4.29585
1.296323
7.470139
6.491366
5.777429
3.023615
5.414481
3.502381
3.727808
7.704653
6.713132
5.350078
8.679706
8.418475
3.842484
3.053431
6.679478
6.331651
8.630515
4.822374
5.83754
8.004675
3.686094
5.50465
3.743366
8.338398
5.487578
2.147505
3.912778
8.797768
1.104421
7.115727
8.909328
7.598219
2.030304
3.182693
5.162261
7.482817
1.493283
2.4175
1.958419
3.738944
6.426614
2.534569
7.795761
2.831963
7.672122
8.40252
1.209937
4.473031
2.225586
6.458353
3.960693
7.335336
5.953303
7.189369
6.151465
4.977486
1.787748
5.746831
7.739003
5.101209
4.213501
1.951445
5.886274
4.902728
8.942157
1.921571
5.289151
6.571147
3.925653
5.970256
8.735089
7.276307
6.423519
4.752177
1.030464
1.617093
7.037263
1.768115
8.27414
3.101201
4.565284
4.491436
6.538431
2.127912
3.685863
7.173893
4.346361
3.877164
3.22279
4.364784
5.586169
4.498522
8.223769
6.478175
5.597442
4.675794
2.503202
8.325626
2.603457
8.40514
3.900376
6.271036
4.680851
3.522577
5.359087
5.823469
2.026469
6.334171
8.033088
2.610181
5.444556
6.060118
2.619735
2.83398
1.136124
8.956488
2.525602
5.452581
6.23391
1.365981
6.257033
5.680175
6.930125
6.263428
5.122493
7.804068
8.763227
7.348832
1.279919
6.035197
7.826442
5.681954
3.803855
6.459386
6.731001
5.331683
2.401153
3.443441
5.507903
7.149753
7.513624
4.376654
2.506889
4.304166
4.815682
4.081181
6.567179
4.930883
3.747427
8.152308
4.082797
3.32592
7.20425
3.862271
6.703417
8.08891
5.049679
2.491742
1.869933
6.978471
2.909934
3.902298
5.024004
7.220146
5.158186
7.005983
4.416916
8.228557
1.603701
3.18545
7.734436
6.887263
6.788024
1.547123
7.378008
2.873006
5.35885
6.129094
4.208161
8.423596
5.697994
7.55033
8.569082
3.642358
6.487788
6.859033
7.292005
7.918983
4.645972
3.106568
5.504816
2.124874
5.260622
5.051626
6.118103
5.32615
1.724759
4.264075
1.690241
8.912407
1.380098
8.790079
7.410366
3.871174
7.58909
3.478292
6.384349
8.589401
2.172379
3.431511
2.773072
3.880181
7.012631
4.409727
8.489086
7.182659
3.005203
8.218998
5.616926
3.748722
3.368762
2.130089
5.84318
3.152874
2.536401
1.49811
4.447209
8.138562
3.886621
8.549327
3.821726
4.123675
3.417927
8.434377
5.577593
7.077563
2.375197
7.310269
2.405394
3.519501
1.856239
2.633686
1.305588
6.244477
7.561734
1.278735
1.186947
5.867897
2.437002
7.417247
7.028077
2.934528
4.133029
1.460101
2.900435
6.679082
4.891659
3.717993
8.285751
1.430132
8.251187
1.789139
6.806201
5.667852
1.68073
4.53728
4.766361
5.657655
6.137412
5.994039
4.034271
3.844191
3.697877
5.074453
4.936325
1.287366
5.924764
7.382554
2.976325
4.908671
3.430926
8.110464
8.310623
5.992157
8.344646
6.292396
8.412369
8.389375
7.66437
8.701159
7.414326
3.085658
5.546665
3.30446
1.011947
4.387996
1.446226
6.381087
7.314138
2.983172
3.131113
6.514539
4.685004
1.542262
8.3763
6.719957
8.821753
5.28689
7.434036
7.672021
5.711002
5.804251
5.053845
8.325002
4.090718
7.422305
6.248654
4.849957
8.935416
5.040802
7.519252
6.496315
3.069744
8.325311
6.418532
8.315188
1.033929
2.926294
2.699318
2.093664
1.80337
6.670415
7.653813
2.884794
4.528257
5.070535
7.192094
4.856748
7.625534
3.496345
4.997476
6.892343
2.37048
8.501614
6.610888
1.519546
5.718824
7.680341
3.593477
6.958492
1.27907
3.570085
3.826025
6.46079
8.743834
6.125823
6.334544
1.117457
4.768819
6.26889
8.214249
8.558747
4.045632
1.372381
4.589996
2.56485
7.10816
8.7514
8.51348
2.461285
2.553897
8.510711
8.409122
4.572834
4.933134
7.716613
4.334872
1.863141
2.327641
1.675127
5.439411
4.45509
5.27796
4.791585
5.396374
6.905479
8.507632
2.099715
6.345525
7.176638
4.837695
1.324958
6.793543
6.962496
7.962056
3.54496
6.473017
4.87804
8.563706
5.139756
5.060737
3.811242
5.290349
7.823062
3.407102
5.473413
5.960769
6.872994
2.30216
1.558333
2.003931
1.666069
5.461777
2.898835
7.809994
1.000232
6.368796
7.98619
3.070385
4.118843
8.608434
7.867085
1.973232
8.367615
8.054671
6.956482
3.804563
5.958175
2.273667
3.770823
1.944687
2.113599
7.363128
2.095634
3.883702
1.933736
2.897534
8.541483
1.159083
8.906192
5.622353
3.920281
7.941632
5.474818
2.599479
4.187891
4.549517
5.451626
1.196894
1.131745
3.368812
3.15265
6.103047
2.27512
1.682342
2.926648
8.21135
2.904883
7.784329
1.061977
8.40866
2.471881
8.542213
8.620101
2.989852
4.633209
5.520001
4.31264
2.967545
4.775094
7.041446
3.551838
8.219006
2.786602
3.329446
4.553788
1.010941
7.393235
1.191684
3.5587
4.696715
4.058457
1.631418
6.074722
7.118618
6.199072
3.560115
3.591439
3.315044
1.712467
5.251691
7.302318
3.116293
7.011236
2.63589
2.290753
3.634463
1.12891
5.967249
2.320632
6.469578
6.30009
8.769091
2.112316
3.501538
4.92136
1.285204
7.296738
8.508181
4.708492
4.356735
7.171117
3.641289
8.722208
1.258718
2.288036
4.646904
3.894317
1.833228
3.510269
3.348443
4.817785
3.249203
8.969776
3.414872
2.305419
2.119129
8.923654
2.997791
8.167796
2.65718
1.75545
8.989199
8.121136
7.098798
3.612874
2.379201
2.087098
4.657969
2.939548
4.461935
7.353755
8.050193
6.146257
2.539078
8.248401
2.340817
3.218966
5.95646
7.934771
1.593456
1.932137
1.314982
8.136781
7.441067
7.011472
4.357041
8.759438
3.123968
1.665993
2.532289
4.908385
1.980007
7.153818
4.048257
5.526537
1.372182
1.960715
1.243699
6.253801
6.329861
8.573593
4.719124
3.007741
2.013728
8.113486
4.777394
8.595504
1.907017
5.653669
7.070557
7.362843
3.25808
2.877451
6.54893
7.026065
5.647707
3.076517
1.453854
8.587358
1.68033
8.340778
7.097753
1.831046
5.441286
3.11543
8.788856
3.998521
7.986077
3.344073
8.140526
2.498731
6.052945
2.112759
6.848223
3.816538
5.410507
5.336184
2.414598
7.230729
1.687034
6.903953
3.575536
4.11547
6.950705
8.509114
6.258003
7.970205
3.964842
6.873037
1.008899
4.290576
1.416422
8.311794
8.96252
4.738163
8.101851
5.178174
8.760476
2.945831
7.578092
4.625554
3.598994
3.546786
8.460396
4.345698
4.761543
3.092666
6.69766
5.386818
6.940228
3.192309
3.194625
6.935131
2.341572
7.603427
3.238482
5.801935
1.400926
4.91108
4.883715
7.163132
6.658719
7.932926
3.855812
5.866155
4.858095
8.760446
4.343206
8.433565
3.10375
1.783696
8.997993
1.386106
1.604474
4.941046
1.48191
6.015426
4.398691
7.525209
6.516126
5.872902
1.975106
5.860287
3.497261
2.178105
7.428123
1.90925
4.860579
3.962542
4.747658
3.189928
6.299664
3.274522
3.887998
1.83266
8.258083
1.465073
4.073648
4.814433
7.130778
8.023667
2.245884
2.656026
7.781596
3.703785
8.586719
2.376789
7.90733
8.765457
8.186369
7.343526
8.552397
2.854098
8.165992
3.180077
6.661516
1.752628
5.783842
5.644876
3.422955
5.704981
5.519627
2.251043
8.561865
2.81753
1.207154
5.255441
7.436561
3.214239
5.285185
6.411463
4.900384
2.708135
1.484527
2.020928
1.843455
5.896702
3.138915
7.669392
8.66445
5.501677
1.27363
2.976093
2.874711
2.703244
8.710775
7.145388
1.093126
1.321321
1.530007
1.280111
7.616425
8.251155
6.303129
1.692331
7.785873
8.373716
6.531298
5.851948
4.755912
4.18972
4.728341
8.496757
2.846671
2.327992
1.667136
6.699829
1.031617
3.28514
8.102307
4.21681
8.174941
5.666637
7.813186
5.590256
8.692332
6.960142
2.135435
3.398061
3.994291
7.961327
5.036146
3.495678
4.127598
7.393894
1.419415
2.943958
5.991577
6.905265
3.604315
3.734781
7.609123
2.028115
3.394236
8.006136
7.173195
6.850583
3.603124
4.583222
4.693314
4.509815
8.132538
6.500392
3.549332
8.667544
1.913447
3.578997
7.917161
7.632319
4.866638
5.027977
1.948653
8.384143
8.011979
7.579306
6.808663
8.070882
8.836971
2.695151
7.011405
1.80694
2.904621
2.78563
8.402778
5.937612
3.357073
6.614162
2.71824
1.978976
7.149777
8.112491
4.499107
8.122864
3.253019
4.503469
8.645212
2.380888
7.677726
3.622012
8.205494
5.804568
5.919202
1.992673
3.028849
5.347655
7.703883
6.546379
4.290384
4.856216
8.130383
8.502001
8.21779
4.619508
2.447233
2.112241
6.304785
4.177829
1.278575
5.461849
5.138881
6.67168
2.734359
1.912949
2.576615
6.199971
4.752743
8.692057
3.303025
5.770611
7.928573
5.677064
8.672495
5.572381
4.443205
2.482854
6.440227
4.781194
7.585141
4.074628
4.36448
7.004605
1.179128
3.298116
1.995844
3.169407
2.639609
6.192491
7.169707
4.854928
7.826097
8.586846
8.839348
6.279297
1.798017
5.862776
2.014676
6.232077
4.594313
1.626703
6.013566
6.529153
3.464926
7.989765
3.506797
7.888837
2.308651
3.193167
6.97606
2.341277
6.57242
7.14234
7.765474
2.371411
4.293366
3.836719
5.6171
5.688794
1.309075
6.007649
3.030893
2.101718
7.018725
8.279994
5.472785
2.08091
8.449542
5.788867
2.163475
5.384425
1.600564
5.278402
2.761392
5.546443
8.038775
1.857263
5.608441
3.200455
3.193334
6.715677
7.153071
4.973864
5.365064
1.796498
5.819575
8.531505
5.809376
3.236685
3.163676
8.526627
6.900999
1.355814
6.412437
1.946923
8.498939
1.384122
2.196053
1.455083
7.898357
5.249099
4.988278
2.440128
1.622585
2.17734
1.549411
1.970595
4.568056
6.015323
1.298512
8.070408
5.213987
7.241011
1.310747
4.162828
7.168028
4.218512
7.480794
6.781029
7.841334
1.427053
4.224312
6.151137
1.968728
7.311626
1.902675
5.156112
5.335481
7.94234
2.463097
6.020494
6.546703
7.409
5.199711
3.596232
6.801936
4.334016
5.753628
4.826272
6.791716
8.738128
5.411008
4.161642
4.637093
7.294487
4.158114
8.883399
8.872225
1.597431
8.910145
4.194689
1.764665
8.111597
5.391568
7.75166
6.507516
5.875089
1.876175
4.149651
4.734548
3.44694
8.922735
2.161254
5.316914
4.619612
2.087452
5.604935
6.572154
8.60485
8.699935
2.34132
6.356487
6.684504
3.802454
1.698306
6.978372
6.026224
1.16569
4.04662
7.081844
8.861948
3.474973
4.346531
5.852019
3.608318
7.245593
4.740169
8.677706
4.984516
7.21028
1.609866
8.736953
8.686388
8.3998
7.543697
5.170376
8.725997
8.019117
3.164333
7.102954
6.746677
4.163966
3.811039
6.015419
7.369406
5.484309
2.437553
3.777527
1.141746
4.906975
5.385838
5.588629
4.934584
2.315567
4.93318
6.857038
4.256949
6.0314
8.954926
3.179314
8.632655
2.969654
4.254431
4.196145
1.733494
1.416387
2.553009
2.563838
2.067597
8.988181
1.463953
2.241212
5.079888
6.677209
3.939029
4.313297
4.029358
3.601703
3.057112
2.384239
3.502855
4.918111
1.725167
2.25788
2.969986
2.944123
2.12809
6.949262
2.558563
8.058066
1.350715
5.558946
3.089859
3.496318
1.935394
5.663814
5.113835
8.460123
1.084729
7.875474
4.069724
3.486613
8.541351
2.538111
1.892308
7.434986
2.015089
4.040951
4.584524
3.418282
1.293757
1.21768
5.165626
8.345495
6.627879
3.933664
1.234378
4.612304
2.372916
3.305275
3.766573
4.761514
5.036338
5.876205
1.548448
3.732623
1.327196
8.351057
3.827319
4.059876
5.943312
5.053365
3.806868
1.850324
4.031324
2.482082
7.070019
5.451772
6.173232
2.896751
6.77487
2.348145
4.554138
4.375323
4.62324
8.748129
8.394867
6.27692
1.014921
7.581958
8.382509
4.093064
7.026948
3.145629
4.391983
1.540359
7.540764
6.969188
6.130577
8.050885
4.523412
1.270042
6.04843
1.589294
6.689971
1.169739
7.003664
8.355336
8.76552
8.513745
6.194971
1.847776
4.811161
6.465869
5.516229
3.023474
3.119579
7.071302
6.993292
3.04712
4.267004
8.013798
5.945559
6.406432
4.77317
5.447136
3.529804
2.544533
4.384196
4.967099
4.335126
4.683655
7.733175
8.236901
5.930389
2.842302
8.326659
7.71886
7.842593
4.449285
7.17343
2.535947
3.870386
2.46962
3.306754
7.313247
5.945455
7.653099
6.269133
6.952172
4.497971
2.177302
2.379712
6.135036
4.008492
3.239933
7.223463
8.626433
1.78923
1.130844
5.508265
1.044674
7.47979
5.261494
3.385124
6.381816
8.345976
2.65252
5.39829
5.993527
3.180777
5.212351
8.961734
7.481057
5.656355
2.30659
4.240143
6.039595
3.344063
4.413792
7.53423
8.454192
5.950824
2.559598
8.967015
5.377229
8.407134
1.177673
1.77098
7.675726
8.188053
3.57329
4.361003
7.976677
4.347409
2.798134
8.068977
7.036719
7.2677
8.623407
2.515899
3.489971
6.91028
6.894178
6.283041
4.549874
8.68388
2.684673
7.499655
4.146774
7.005376
8.015551
8.874825
3.160727
7.364716
3.398898
8.715651
1.651362
1.210062
2.907811
4.190968
3.312126
3.477757
3.970027
1.424292
7.429412
7.743317
5.631028
8.875851
6.188286
6.806889
7.399358
1.279189
5.268875
3.400517
6.885305
1.361605
7.213904
5.12064
6.557909
5.960595
4.324063
7.186973
4.815302
6.082893
6.766746
2.261615
1.033146
2.389911
2.808485
4.908959
7.648113
3.127691
7.993408
1.462531
7.965852
8.056115
7.698325
5.2058
2.870899
6.93457
7.909463
1.084152
7.566224
3.738869
2.485116
1.851864
1.829295
3.339099
7.763858
6.093651
6.225407
4.9173
2.638963
8.769825
3.315079
8.383164
1.77975
6.618104
2.875403
1.486305
8.224987
5.522398
2.163818
4.759312
3.888511
5.07154
1.307976
1.91747
6.099835
4.482879
8.593212
8.083195
1.282305
4.646878
5.144297
7.110248
2.057549
8.940723
2.358415
1.019684
2.867625
1.867256
3.638089
6.696993
4.111034
6.65853
1.664263
3.814753
6.348834
8.582067
8.766381
4.363251
6.984648
3.872606
2.293887
2.919136
8.600512
6.406334
8.754077
1.824331
2.757983
7.460258
5.765106
6.130077
2.190143
5.9776
4.903106
5.632385
4.113873
6.866653
5.533807
8.483836
5.113087
4.033877
3.318866
8.180598
6.489022
4.083448
6.624465
1.111488
4.569819
4.455858
8.055323
2.535808
8.791451
8.87863
1.597064
5.170626
1.601813
6.235061
3.590083
6.949645
1.94274
4.154655
7.036165
8.684695
7.506366
1.500494
2.931011
4.486952
5.644869
3.64267
1.439728
4.763014
1.685131
1.262861
4.54345
6.988537
6.882831
7.591198
2.614285
1.607599
1.376113
1.673174
6.49773
5.349353
8.121846
6.915906
7.94627
3.34047
8.076966
8.321595
5.258038
5.699804
5.855516
8.821947
5.375127
8.961085
6.961292
2.380057
2.45587
3.117582
2.575283
5.387393
3.721447
2.177526
5.36737
5.475936
1.881113
2.82384
7.307565
5.067744
6.317591
3.996411
3.282765
1.554449
1.509725
3.02214
4.458901
4.393982
8.421765
3.564714
4.011115
4.652846
3.085788
7.474693
4.170267
5.691222
2.087455
2.019852
4.906448
1.206006
6.243804
2.564724
4.56427
4.672094
8.144271
2.221559
6.83591
5.197782
2.983399
1.799705
1.311261
3.929237
7.685454
6.199732
5.676985
1.353116
2.388356
8.884876
6.342822
3.603004
8.308605
2.879506
3.516964
7.795995
4.893703
4.80639
3.980996
8.534515
7.40852
3.457603
4.720913
2.961809
2.288234
6.146053
2.858242
7.011496
3.841044
6.36089
3.806232
3.058297
7.475735
2.82997
2.066748
2.807352
7.562499
2.645186
1.494294
3.373977
8.748433
2.14585
1.174277
8.632002
5.982168
5.096533
4.692665
1.657468
7.985493
7.985019
7.403576
2.557934
7.878657
8.992073
2.678135
7.686357
7.663384
4.552758
7.423569
1.30142
7.471526
2.804987
8.010894
7.043443
8.122932
5.247065
2.730719
7.169681
6.320374
6.065101
4.859024
4.967862
3.656779
1.238534
3.611972
8.903037
6.640965
1.151108
2.401357
2.021926
8.794167
6.152224
8.440278
7.6359
2.83834
8.184997
3.795682
4.628824
4.64203
2.430888
4.080999
7.545018
7.402365
4.739693
7.459625
6.557416
7.486745
5.830616
8.436078
4.76808
3.792851
8.169707
1.611841
4.927399
1.819843
1.758812
5.880404
5.415766
8.900008
4.042558
6.556221
5.263111
4.633856
2.411636
1.680421
8.498255
8.747965
2.509606
5.39633
1.388678
3.718549
8.239378
7.007104
5.540394
6.22535
5.70054
3.535757
2.889667
6.01671
3.963485
6.03016
4.053078
7.410346
3.480769
2.389994
8.762753
2.164786
1.544585
1.208653
3.019098
5.344217
3.142951
6.097647
6.711439
2.78297
5.22207
6.125558
1.814071
1.397801
2.187223
7.817964
7.043602
8.372803
2.177749
6.718892
5.113482
8.009404
1.493757
3.670364
2.830733
2.465728
4.172152
8.065785
3.992491
1.389133
2.03296
6.079865
6.6288
5.506939
2.229598
3.185389
3.934589
7.503352
7.021468
3.760065
3.981772
1.621443
8.395187
7.844231
6.381716
8.052357
6.235246
1.131766
2.15086
5.054978
5.253044
3.740037
3.042314
7.420743
1.743709
5.512771
1.710025
4.684762
5.227263
4.566208
6.613763
1.122591
7.690404
6.76432
2.385389
1.845825
1.029142
5.633601
6.921108
8.349639
2.431843
5.986132
5.912371
7.90838
2.224717
1.560793
2.274576
5.077322
3.937514
4.122701
6.967735
3.248086
1.107062
4.010636
2.860688
1.929029
5.888937
3.62398
6.670209
7.729732
4.279319
4.124798
3.516883
7.168556
4.101547
8.156295
4.089343
4.493078
8.804449
3.633794
8.649671
7.415823
3.204168
6.199921
3.464667
5.188766
8.710252
1.587932
7.249743
7.853196
4.094514
5.354131
6.215332
7.197149
5.620365
2.720066
7.376265
8.298102
7.599468
6.156382
3.589347
1.256892
3.30466
6.076664
2.408639
5.762468
3.735921
7.055939
3.596683
7.01249
6.589549
5.978235
4.925363
1.10808
2.933334
2.961697
3.932543
6.627667
1.022341
1.074607
8.451583
1.460093
6.136665
7.881607
4.283614
6.659357
6.702682
2.536547
3.951424
1.520205
2.027885
4.772939
4.224987
4.368619
4.298805
6.863393
8.002039
3.602251
1.366339
6.460259
5.129816
7.71306
1.908988
7.405924
8.238655
3.954
3.7524
4.991188
5.837745
8.194271
5.534992
1.378635
2.333758
7.612227
8.302506
3.428405
7.640321
7.01739
5.891087
8.324069
5.698114
6.816438
6.709949
1.910962
7.081354
6.474937
1.220597
7.544229
6.186297
7.02459
2.309495
4.815933
1.737529
2.92372
4.919576
3.175735
1.648943
5.120378
2.270923
2.305015
7.515717
6.715589
3.994345
5.6921
3.280316
2.868396
4.01349
6.332586
7.659757
7.0097
2.420503
7.836337
7.527093
4.997044
6.625997
3.553849
8.800371
1.124676
4.391195
1.036004
6.829279
7.481761
3.032517
3.408763
7.127583
3.277986
2.546297
7.83324
7.396851
1.524774
8.004095
3.361578
5.337569
3.999489
5.114694
2.595664
3.483027
8.231557
3.978613
6.768682
2.348928
6.080261
1.083557
8.377582
8.208673
8.148336
7.605541
7.263369
5.526258
1.159757
1.721772
8.0666
5.607227
6.10093
5.816547
4.768184
6.412049
3.419099
1.718555
7.986317
3.397059
7.726509
4.546629
6.618841
4.055895
8.493077
3.516535
2.514136
4.365502
7.556437
2.944863
2.221497
7.841619
5.095188
5.6526
6.844516
3.922317
7.919413
1.421825
6.288641
6.686529
4.337783
4.779777
4.693919
3.837354
1.695662
5.731109
4.592369
1.41576
2.769748
1.683951
3.633332
8.690859
8.074384
7.920225
4.592115
8.749901
6.984057
4.371153
4.504693
8.672172
5.726038
3.506417
6.505664
1.968271
8.107573
3.807666
2.456038
5.064657
6.554224
4.089415
4.716105
8.320252
7.919425
4.707871
6.024679
4.705052
4.711216
3.871075
8.119795
5.197874
8.708194
2.016291
7.833911
3.860076
4.486527
4.271922
4.102636
8.722692
2.447526
4.801655
7.979134
3.525461
1.563241
3.177846
3.045199
5.05808
2.409816
5.98734
4.436816
6.799299
7.710132
5.577424
8.577935
5.788003
4.20661
1.99048
2.766414
2.02475
1.023299
4.137651
5.582748
1.820986
3.871797
4.946673
8.963181
5.487166
4.669463
1.283655
6.964725
5.895689
5.274028
1.769315
3.024555
8.012046
8.01229
8.754718
7.469465
5.613224
4.481382
6.154632
7.129553
7.893854
7.071989
2.030102
4.987844
4.784392
7.490485
2.047684
5.748259
2.591193
8.120506
6.360579
8.3608
4.378548
6.450777
4.287995
7.228766
1.098199
3.031399
1.451202
1.689439
4.460343
6.210397
3.367057
3.795955
6.444097
1.64601
4.561584
1.664038
8.799316
2.601348
6.530659
3.023132
6.242691
8.334645
5.844073
7.559461
2.964689
7.311202
3.105556
7.855394
5.186782
5.345625
6.09823
4.693616
4.77481
2.17086
7.610031
4.537066
7.900582
5.0038
7.710233
5.720894
6.15089
8.817639
4.547764
1.875964
1.556647
5.365506
1.808348
6.456246
1.986112
1.895213
2.4337
5.842154
1.646084
6.398477
3.008341
3.262434
7.232376
7.483837
5.021339
8.674068
7.415173
5.307525
4.178513
8.62194
7.376391
6.848249
5.963955
5.243794
4.641637
6.901558
7.666301
6.247427
4.667339
8.214216
5.363277
3.315905
1.833744
3.569972
3.515879
6.44832
4.641475
8.828612
2.230313
5.075073
8.427038
6.270691
8.815974
7.478175
4.346348
7.982259
6.31188
5.480791
6.479412
1.456745
6.080055
2.03385
2.190404
4.141213
2.364745
2.782773
7.285733
2.952484
2.467804
3.181995
5.574391
4.440735
4.786775
1.50932
5.780339
1.15972
1.640162
6.101665
8.402444
2.680099
4.980649
6.254376
5.621591
7.68046
2.972197
6.232598
8.475341
2.789786
6.122166
3.266188
1.779786
6.40642
5.190329
7.041774
8.449736
1.071547
4.409207
2.237939
3.43775
3.922729
3.58339
1.096689
2.961678
7.320416
6.181406
1.8637
5.506247
7.643234
5.777621
7.127866
2.531204
5.64029
7.925462
3.806572
1.909157
1.315462
6.506517
2.3468
7.87168
7.573836
2.097531
6.955971
4.765134
2.280592
4.697529
8.752272
2.662793
5.188913
1.439843
6.965054
3.339885
4.449642
1.075354
8.540741
7.579688
7.1548
4.578286
8.913271
4.966844
1.602199
7.270641
7.226252
3.121805
2.516694
6.475563
3.829933
6.070629
1.917047
7.543205
1.284865
1.042225
7.272966
4.461009
1.18488
2.203908
8.250367
6.863589
1.220407
7.486526
4.3317
5.220079
6.708873
4.530511
3.89633
8.693624
5.418335
7.916983
7.919221
8.702459
1.711865
4.964945
8.594243
2.800699
1.731346
2.043126
7.988774
8.723509
5.826278
2.18627
3.177097
6.288121
1.931127
2.756404
8.335178
4.186823
2.321725
2.501443
7.152112
4.724383
1.310053
1.295682
6.68061
5.198882
8.937691
3.966462
1.835735
3.4301
7.293767
4.835993
4.832668
6.755305
6.794425
2.721427
1.745422
7.089905
4.602334
1.288981
8.881953
3.272022
3.367571
2.510061
3.292322
1.875557
5.326857
4.758581
7.191007
1.782595
4.411567
8.413413
4.04783
6.408343
8.01487
5.983914
5.291559
6.565727
6.525871
1.989698
3.422725
3.342944
2.696722
4.19879
2.234262
3.40141
5.636987
3.230999
1.128056
8.427308
4.773399
5.436299
8.505017
8.316939
7.904134
7.848103
7.521058
5.823268
7.319359
6.324994
5.254313
3.528794
8.054773
5.719573
3.613095
8.583573
8.021535
1.661674
8.032747
7.915726
4.734327
2.338663
6.653759
5.936648
3.342574
6.130123
8.203191
6.808316
6.701248
5.077995
7.020359
1.320029
2.831324
1.395859
2.497553
1.7565
5.009019
3.89865
3.855805
3.322356
1.798127
5.889386
3.68163
6.815557
5.411479
5.967807
1.871108
6.529167
4.31829
6.292177
7.369408
8.238065
7.927774
1.761539
2.521374
1.702357
8.720452
8.215837
8.644293
6.527835
7.359065
5.435877
5.03022
4.70437
4.989724
5.579871
2.012234
2.242726
4.268231
2.35107
8.286601
7.332933
2.338857
8.478231
3.72993
5.867433
8.714176
7.402989
4.329758
5.252381
8.833625
1.588994
8.760313
7.268029
5.864649
5.299889
2.50752
7.515358
2.478328
5.852939
2.012173
8.66285
8.621827
8.3215
6.896604
3.901759
2.288608
3.998441
6.587118
1.962366
3.951665
6.747115
3.967354
1.524353
4.56959
8.725954
4.038354
1.515726
1.495688
3.321237
7.422148
3.097633
6.850599
7.032316
5.12495
1.124262
4.577816
6.27027
5.025612
6.340743
8.215781
2.176784
2.139326
7.45083
3.65631
5.277715
4.758115
8.419379
5.11845
5.373806
3.203821
4.867824
5.41677
1.823196
7.894254
6.172395
4.03325
8.035354
2.361659
5.404792
1.796788
2.102078
5.666398
1.980171
1.74178
4.381419
2.791307
8.157361
2.954521
4.778167
3.999748
7.928205
1.962569
7.220339
4.915591
3.171943
3.747651
4.826152
5.408491
6.688499
6.20265
7.081114
2.212742
2.95781
6.489636
7.89673
7.171281
8.043317
4.009628
3.683493
3.64806
5.638786
1.484874
3.340512
3.320992
3.825865
2.329787
7.231569
1.783521
7.829441
4.035344
5.265681
3.613295
8.57722
3.517437
8.071631
5.518975
2.399945
6.046373
5.708345
4.034456
2.678667
4.670997
2.536077
5.252117
5.012353
2.302596
6.405012
5.8354
1.947737
8.527588
8.674004
3.98094
5.729917
3.373742
4.872628
2.057323
8.435796
6.73258
3.048603
1.808426
2.668768
4.443973
5.944151
4.781483
1.660186
2.042373
8.234696
2.737765
6.285168
6.458904
8.258411
2.597205
4.743713
8.316547
7.013194
4.524521
1.973841
2.932645
6.57929
6.672608
4.709291
8.918655
8.208191
8.686006
8.053662
3.036293
5.094076
6.454304
5.428323
5.700632
2.781323
6.410502
2.050051
3.273088
5.542559
7.912938
6.285503
4.873324
1.642439
8.212011
2.133116
1.047692
7.656768
7.234145
2.710412
8.450479
5.314356
8.392435
1.905194
1.539415
2.389643
6.094817
2.102173
8.908462
6.481692
8.362889
5.78755
6.706765
8.982356
5.604653
8.611728
3.282761
2.957099
5.149003
4.993219
7.393349
7.765595
7.304937
5.563487
3.440671
3.187471
2.659401
7.159547
3.738315
4.688898
1.160599
7.095037
3.174319
5.567782
6.939945
2.049951
1.724214
1.06446
1.606251
8.10081
3.286488
5.955188
4.352469
7.991935
1.334029
2.260176
4.646413
3.737035
4.620853
8.575387
6.795818
5.72274
3.597995
8.499477
2.661309
8.965308
5.697498
5.688841
6.269821
3.169164
3.077361
4.11641
2.447668
6.578039
2.493726
6.755331
5.772423
2.976752
6.359447
1.658985
2.751916
7.285958
8.325529
4.226756
6.77087
1.591088
4.913313
3.709744
4.412588
6.339368
1.29281
7.017758
7.641368
7.977648
7.95801
2.011342
7.20676
8.299873
8.81178
5.505506
4.087113
5.657291
2.250499
7.822711
8.573751
6.730255
5.345378
4.110304
7.222537
8.721323
7.676711
7.999366
3.917778
7.468501
5.167793
2.073375
8.189788
6.886425
7.771619
8.697422
4.848661
5.313057
6.210262
4.425011
8.725475
4.428629
6.385394
5.337696
2.296633
4.806117
3.648956
1.123705
2.479292
8.37795
2.617863
7.258227
8.476538
7.692101
1.386987
6.656197
4.496317
7.37624
3.362147
7.830747
1.863668
3.756472
6.795597
3.131231
3.735849
7.073402
6.183583
3.324571
4.317835
6.912951
1.28936
1.428288
8.905185
2.426389
6.783772
3.53687
8.898024
1.489743
4.633016
3.860945
5.199902
8.421954
2.226771
8.265063
7.31074
7.558906
3.582384
1.198023
6.372597
5.277129
6.682842
7.903288
7.502863
2.695268
8.847831
3.655391
7.129616
5.279787
3.877815
3.795359
5.188388
4.488491
7.030678
1.431258
2.838382
2.770114
7.84364
3.089473
8.939967
2.994976
3.980963
5.161116
3.427889
6.503291
2.040033
7.636064
6.250627
6.655016
7.65082
8.683561
1.423168
6.353229
8.762097
5.973845
4.116958
4.116755
2.053287
1.664197
6.754142
8.372366
4.163401
2.819116
8.846502
5.97745
3.23107
2.453435
5.893752
8.556333
5.425922
6.004855
6.362846
4.652319
8.376678
1.152678
1.565468
8.818185
5.124257
8.705064
5.36025
8.14893
3.04093
7.181449
7.178955
6.005129
5.757949
4.793033
5.78787
8.336639
5.20095
1.257088
6.590095
3.588262
8.568125
2.508745
8.709986
5.891784
5.666943
3.861969
2.913146
7.970815
6.41726
4.264418
7.79736
6.569169
1.696666
3.369512
4.466998
4.106868
6.086782
1.789484
4.129287
6.164702
5.022124
1.631624
7.925479
1.81159
4.690202
6.314748
6.29329
1.003141
6.353748
1.611342
1.832924
5.334611
8.812297
8.469113
8.589088
6.508727
8.523911
2.717244
3.892881
6.008058
3.016692
1.586625
3.626123
5.263686
7.906818
2.662964
3.778883
1.285423
1.429538
2.039772
6.505985
5.60265
7.101691
7.472189
6.295233
5.498367
3.69653
6.081683
1.138946
1.663847
1.450572
2.484503
1.082877
3.156843
8.734625
1.990667
2.618409
4.221857
1.233347
7.918074
3.554938
2.075726
1.220611
1.056502
3.945022
1.498302
7.892551
5.798973
7.41343
7.513152
4.559728
8.212171
6.339193
5.982117
4.617514
7.490006
6.912683
4.538155
8.910422
1.856311
8.905012
3.593174
1.569622
7.168702
5.502559
1.560089
4.226993
7.948478
5.002566
8.025356
8.548224
6.623687
2.710244
3.689841
8.259261
1.830336
2.314368
1.664246
8.029705
7.305297
1.319767
5.376669
5.671972
1.703895
2.318973
3.700543
6.461873
8.162078
7.024688
2.918678
6.75807
7.220209
2.30363
1.709105
5.58446
6.642614
1.764228
4.860763
8.286506
5.599127
4.571225
1.931405
8.077437
8.809942
3.579428
7.712284
3.548036
7.502891
5.657252
5.513482
5.420777
2.170098
3.979069
4.742504
1.523832
1.612986
2.262607
6.011381
7.049257
5.795037
6.071838
8.594395
8.544309
1.313141
3.46946
2.146378
4.354611
1.854931
5.651957
6.826507
3.219385
2.618441
6.224635
8.754048
8.598583
2.358566
8.93046
8.639622
1.978974
8.783159
4.549979
2.937464
6.127762
8.644583
5.167945
2.505423
3.144138
1.808763
8.27413
7.52737
3.710968
1.435545
8.787099
2.409342
8.019261
7.54157
4.997581
5.417699
3.342173
3.835273
5.481361
6.196564
3.955849
5.170979
4.512993
3.666244
6.129891
6.372183
2.472258
7.590049
8.823868
6.104821
1.869317
4.430203
3.728436
3.141068
6.642256
8.977168
1.37697
1.510915
6.470495
6.044034
6.973827
4.783016
5.954149
6.938263
2.372741
6.52386
8.343519
4.84509
3.093114
7.158461
3.049549
3.892982
3.793921
2.578181
3.078794
5.693829
2.797152
6.424084
1.128985
6.739328
3.425375
1.744616
3.875075
6.391366
5.857769
8.16626
8.793144
3.027319
7.701092
1.450155
8.182884
4.070346
6.83969
3.250717
1.62884
8.111543
6.418053
6.017024
2.531042
5.272298
3.329807
4.278788
7.521039
8.286718
4.173363
5.084726
7.415386
8.106237
3.205044
3.854995
1.663079
1.336622
6.972115
4.310989
4.278347
3.137319
5.558564
5.038767
6.14858
8.214524
1.539938
1.60826
8.782274
6.187442
2.508196
5.835694
4.63715
2.201938
8.021637
4.265605
3.445914
1.28006
3.259029
1.73278
4.510186
8.592781
3.647932
4.765815
7.554135
1.718883
5.961542
1.05952
5.973602
4.136292
4.687065
7.31786
7.939966
5.601425
5.298203
6.883861
5.615758
4.915248
5.495755
8.014857
7.95938
7.901526
1.305572
1.307027
8.286116
4.773504
3.365308
8.872198
8.221534
1.666409
4.428003
1.137668
5.720179
2.81551
4.443099
8.888178
2.45345
2.247367
3.797798
3.938497
8.343422
7.114786
4.344796
6.023867
5.300528
2.432432
1.694039
7.112502
7.856066
7.913771
4.041144
7.130467
7.519676
5.611754
1.161191
2.996139
7.461581
1.673523
2.824072
2.990174
2.06914
2.898017
7.700761
7.756459
1.35352
4.142418
3.815365
3.883085
5.558891
4.191418
5.183841
6.577364
6.811779
5.687624
5.173798
4.811691
6.542099
1.27886
4.489844
5.966396
4.90857
1.89181
4.936858
6.13437
6.523499
4.281432
6.688723
3.522891
3.29276
6.750015
5.564912
1.219037
8.416161
5.594222
2.791205
6.643269
8.921635
5.474729
7.781343
3.57171
6.553741
5.311018
5.761258
5.57709
7.971324
5.073054
5.033605
6.363359
8.106665
2.388555
7.329973
2.127889
8.323483
8.256726
4.615939
4.832647
1.216
8.382562
8.175187
8.997405
5.337609
1.738759
8.904389
5.005361
5.164627
8.898536
2.330724
6.694497
1.160681
1.168172
3.848564
7.110123
4.459606
1.682558
1.531418
8.397303
5.873624
8.881563
7.823276
8.906765
4.44286
8.126234
1.129715
3.842738
7.497569
7.218005
7.201347
8.410356
3.07753
5.467139
5.822097
1.850998
6.380186
4.800938
3.704063
4.61496
5.079648
4.950549
6.938612
2.211847
5.674094
2.377185
4.441666
1.833782
6.795976
3.918057
3.471716
6.729932
4.24378
3.112691
1.205184
1.907341
7.542054
8.493947
3.661343
2.466241
3.239361
8.149953
5.747416
2.567027
7.351312
5.213243
6.052255
8.506377
4.953362
1.449017
7.027611
2.642131
4.164635
4.911649
6.312078
4.787749
6.112416
5.076815
8.173112
3.117693
2.186229
4.966605
7.597512
2.456441
4.217867
6.104677
6.188526
3.702968
3.977737
6.072068
5.542018
6.911024
4.064166
8.231871
7.604728
3.965201
2.095534
1.192184
6.52805
3.478348
6.640899
6.791448
4.367804
4.535671
2.816934
1.68768
4.364155
5.141244
8.896457
1.872431
6.037935
2.514217
5.233432
2.451296
8.19267
3.899636
3.426627
1.56414
4.307912
1.294017
1.864024
6.34233
5.397423
8.324447
8.905109
3.41557
3.085982
6.370236
4.48829
6.122366
4.540114
6.477232
1.729356
8.268834
4.693748
1.684571
6.059231
5.434624
3.777512
8.959803
2.631234
5.570734
4.098355
6.532738
4.952146
7.922063
6.74617
2.657073
4.254617
7.280121
2.360364
7.4999
8.376941
6.088815
3.372867
8.107196
4.113434
7.366318
8.774996
5.709415
5.668656
8.290203
4.592689
4.744333
5.543496
8.262753
2.651319
7.984461
6.850847
1.110583
5.854414
4.538574
5.356938
7.184191
2.340706
3.723386
2.776353
6.292345
2.849767
4.091615
1.576894
3.760087
7.228787
4.139505
5.891971
5.353522
7.378531
3.143926
3.715508
3.966036
3.238813
7.255141
6.127586
4.241295
6.121555
6.987193
4.863787
5.021547
6.711764
2.910095
1.238507
4.315655
7.856983
7.504811
8.135695
7.258306
3.561684
3.058602
3.065807
1.822306
1.716648
7.03266
3.981319
1.495722
2.866308
4.368503
6.749417
2.379771
4.708155
3.491612
1.251372
3.82222
3.865293
6.54256
6.661844
1.591967
8.682002
6.797604
4.087967
3.18472
3.227372
3.419582
4.743698
3.329048
5.456137
2.27366
5.651698
6.523507
3.974131
2.961457
6.224652
8.48279
3.075501
5.157032
5.007104
5.990782
5.821325
1.63144
7.773187
1.925846
2.006377
3.531299
3.840469
6.410252
5.243053
6.194124
7.01705
1.004441
8.282919
8.418461
4.612744
7.884012
5.124789
5.271286
2.879335
2.834901
5.182373
4.362279
4.869793
6.822927
5.79398
5.784495
2.06104
3.11706
4.652212
3.737707
3.291537
2.704286
3.364223
1.235734
3.09482
6.051405
5.342065
8.519687
2.001558
6.949293
5.054833
8.354535
8.663056
1.560673
4.885095
8.742514
6.010952
6.229611
2.616704
5.862698
8.693545
3.538395
2.329868
2.534935
1.377872
8.539131
8.646777
8.652603
2.953596
3.567752
7.544965
7.010933
7.529553
2.769691
6.48596
3.385666
6.965312
5.213705
1.280585
3.988659
6.419992
1.975712
2.855244
8.189639
2.74417
5.447964
8.012168
1.638759
8.172917
8.581508
7.389329
4.779043
6.370036
2.149549
1.185358
2.029098
4.342683
8.746479
8.781245
1.939409
5.450412
6.79832
3.697873
8.353729
2.381661
3.600487
3.559688
6.019041
6.402701
6.119172
3.928567
2.03229
5.294819
3.857004
1.304753
5.138734
7.209857
1.988422
5.299378
1.94732
8.533526
7.391499
3.455625
8.018952
5.950494
2.249036
3.167941
7.159511
2.885185
2.134411
4.417049
7.814244
4.294266
5.069639
3.694663
7.29197
5.151689
2.574348
5.711754
6.648169
4.419869
1.927007
2.12438
5.378613
4.387169
2.784183
4.526299
7.403626
2.75617
2.001667
1.523951
4.554518
5.327564
3.039652
8.383927
6.490793
6.488453
7.182614
8.467381
3.186614
3.595934
3.042199
3.888374
4.60597
7.667381
1.085339
8.551364
4.217925
5.42429
5.120477
6.380358
1.186205
7.648362
8.084838
3.916691
1.224928
2.375863
4.299015
5.322262
4.116436
6.852593
7.859913
7.845386
4.51473
1.733135
7.030728
5.076941
4.353139
6.900354
2.299767
6.120321
7.036801
4.447693
2.023816
3.567632
2.80188
5.562077
2.777684
8.485302
1.645487
3.010384
2.105835
6.049395
5.978419
4.531359
2.670751
7.933725
7.137452
5.701684
4.989833
2.499623
2.953025
3.316815
3.293148
7.672983
8.067842
4.46353
2.363981
5.234893
4.708167
2.618498
4.592045
8.579677
5.015559
7.137124
1.856088
7.806493
2.628692
1.47545
3.910397
4.536691
3.759405
4.400438
5.122137
8.275018
8.606126
3.919377
7.402404
1.298781
6.610653
7.545393
8.577075
2.156716
7.644783
6.99652
6.729014
3.738074
5.622897
3.126152
2.310802
5.004619
1.505652
8.949462
8.656125
4.075904
6.937526
1.179736
2.946729
7.615564
6.228225
5.03807
2.263914
6.503119
7.771884
7.600527
3.720504
4.304934
6.184887
7.654395
5.379231
6.151405
4.805769
8.312354
8.300285
7.101635
1.701125
7.074117
4.510455
4.026169
5.253173
6.592488
6.607856
6.181646
1.713733
8.700605
1.402642
1.432409
5.087509
4.603446
6.979019
3.564255
1.419424
2.752023
6.663417
3.840665
2.32957
1.070243
8.091896
5.746902
1.635704
2.031446
8.552684
3.799012
3.776511
3.374203
8.303911
1.931229
2.190916
4.170382
2.859729
6.928547
7.609571
6.445123
1.060707
5.931465
2.086866
8.747381
8.405808
4.720204
3.488045
7.886287
2.579728
6.56496
8.048058
6.180664
6.395166
5.378437
8.820718
6.445009
5.034844
8.017958
5.609645
2.924597
1.331906
5.883681
1.193042
2.665342
5.386303
5.703098
1.652074
1.448343
7.86068
4.471597
7.658426
1.291467
5.545011
3.39479
1.758561
7.8682
2.557416
6.079964
1.292539
4.506039
5.469996
6.92663
8.265765
1.833048
6.607979
4.994553
8.055778
1.952572
4.582579
7.997628
5.495031
8.065855
3.631684
4.870783
8.325935
6.654994
8.993896
4.484831
8.637245
5.139573
5.935722
6.453979
1.485383
7.220279
8.725105
2.841009
2.146494
1.751095
4.228368
6.402981
8.526543
6.764298
6.07356
7.088202
4.344278
1.068266
2.59339
7.005316
7.184925
7.943119
7.10308
1.49352
4.634898
4.468737
3.166253
7.070886
8.369851
6.224545
8.015491
6.180085
4.993322
8.401435
4.452353
2.540136
2.958668
1.003304
6.67169
3.925558
3.615079
1.222225
2.427603
2.412576
7.890848
3.080456
1.352505
2.889892
2.109475
4.520891
4.706056
2.477498
4.715169
2.480949
3.67526
5.677062
5.500321
2.728552
8.445804
5.655884
5.824499
8.203932
2.745318
6.464106
7.659528
8.300817
6.646835
6.976909
1.599432
5.283795
3.362855
4.032237
4.858906
7.834138
1.2609
2.652064
4.039584
6.278676
7.231727
3.579187
1.205094
8.407022
5.838498
7.720372
5.988392
5.758439
5.899764
6.840701
8.225963
7.274394
2.67306
3.603405
1.894497
3.863583
7.771986
6.807061
2.023363
7.816535
2.630349
1.072311
8.904785
1.146304
2.020063
4.36757
6.708165
5.500191
7.988712
6.013501
7.822647
4.48061
7.696335
5.929507
3.127164
6.539553
3.201341
7.401217
5.525103
6.196163
7.618956
1.962546
3.579931
6.18464
2.534587
6.04127
7.715711
5.269119
1.975779
7.40985
8.81998
3.094596
4.572005
4.735054
2.72135
8.171289
5.723159
4.30377
6.7856
8.849327
5.319696
4.227841
5.8235
2.68365
2.535661
7.31261
8.78681
7.534998
5.055378
7.9538
7.245115
4.231046
3.988358
1.617711
7.165362
4.086347
4.315866
3.083871
5.189446
5.512572
3.708371
7.394023
1.392986
3.315681
8.404394
5.244401
3.463171
3.118555
2.828779
8.467239
6.621692
1.145909
2.825067
4.333276
2.781342
8.740096
7.907005
1.512706
4.588229
5.489427
6.279547
7.947858
2.995085
8.635201
2.858483
1.031451
8.49147
8.111655
5.357578
1.569564
2.359599
6.692259
2.963027
3.702576
5.294255
1.915633
8.29538
6.792335
7.435798
7.683376
2.053501
3.525972
6.510577
4.087386
2.554397
6.839922
6.589983
4.698787
7.297025
8.425817
5.79053
5.672002
6.632846
4.049066
5.168796
2.487804
3.429491
1.128387
4.809443
6.975318
6.86023
1.87425
2.883417
6.807737
4.42503
7.682697
6.315996
1.645094
5.554378
1.60364
6.664133
2.042413
5.32757
3.641508
7.520172
4.531802
1.414833
3.93921
1.115488
5.820369
4.872452
7.352734
7.944559
6.140716
5.807872
4.009311
2.271839
3.657315
1.017221
4.951831
1.201602
5.393847
8.837484
8.975572
6.669796
5.280719
3.688335
7.87673
5.440553
6.896151
6.439452
6.991564
7.145902
2.049473
7.781907
1.063382
6.783606
4.05301
6.025159
2.428391
4.730995
3.556591
7.727889
7.02541
7.53009
1.561393
6.274284
6.420568
3.321997
7.019074
4.20043
2.330358
3.451225
2.609438
5.576372
7.434239
1.938442
2.491716
1.002797
8.346729
8.517459
5.007616
7.756187
2.582542
1.012803
6.012023
7.966664
8.056985
2.581621
2.8119
8.98639
4.373497
5.3243
4.653026
5.693033
6.668917
2.576844
8.840036
7.389432
7.651244
8.292493
8.290382
7.655889
7.003245
2.272684
3.734286
7.333721
5.150769
4.919742
7.009195
8.738436
8.294877
4.682092
1.236236
2.694552
4.129317
6.250561
1.75982
8.354897
4.244163
3.511632
3.259894
1.035242
3.223342
8.827918
7.528582
3.2682
1.386677
7.763318
6.424821
2.75292
4.240428
7.603125
5.433948
1.603824
6.625985
2.106893
5.159311
3.138974
1.84286
1.649501
1.654338
4.862734
8.174647
1.531528
6.256747
1.350377
2.779659
5.652976
3.025984
5.502626
4.122703
6.65217
5.723223
7.890906
8.473393
4.196958
7.479611
6.116963
3.418873
2.31598
2.311123
4.923281
2.598733
4.239123
3.969747
1.539944
1.285692
5.218782
2.146823
3.164009
7.978082
4.118001
1.979914
4.698541
7.972513
5.186574
8.360231
6.272508
2.514308
2.068586
2.41336
3.636942
3.526197
2.843832
6.747497
1.828005
7.050827
3.438377
1.563848
7.413795
3.718386
3.521786
6.19482
1.899463
1.328084
6.044928
3.495781
1.610409
6.000881
7.131835
3.099549
8.714674
5.070536
7.78844
5.461261
3.054598
8.604543
5.094595
3.512758
7.964207
5.92498
5.200536
2.736501
1.596266
4.133981
6.644511
6.713124
1.498219
8.011607
4.455649
7.429287
8.23121
6.855726
7.397589
5.990052
2.987935
3.578192
5.782412
1.497138
7.365887
7.902545
4.983777
6.407914
6.979757
1.843598
7.357522
8.128643
1.683105
1.33639
6.636853
2.13846
7.805024
3.011705
7.647634
7.180878
5.216807
6.627798
6.057226
2.666577
4.640249
8.9518
5.729482
2.48327
1.044899
2.74823
7.682043
3.470652
7.536677
1.863467
1.264828
7.748405
6.077353
3.190696
1.520471
7.513074
8.169277
2.503405
4.87458
1.973478
4.522708
3.715951
1.695353
1.286178
7.790724
5.690731
8.206449
5.111604
4.172385
8.363509
8.45394
5.553233
5.283197
8.430717
6.194419
5.968476
6.9029
5.688847
7.836393
5.98209
4.815192
1.097824
3.70829
4.699517
6.973508
3.471461
2.526284
5.807956
2.840707
3.211828
3.195757
5.777336
1.508029
3.874699
3.986425
1.52064
8.813753
1.262266
8.030734
2.260536
8.605646
2.064657
7.393845
4.530988
5.938736
5.257581
3.732239
8.965792
4.007427
5.00864
5.253966
1.16942
7.478395
3.475144
8.616432
5.397212
4.844557
4.547411
8.004573
3.224305
7.140965
6.191602
1.55091
8.608626
2.894008
2.280034
5.881037
3.571154
3.874138
6.650411
6.666826
5.920594
2.31806
6.079226
2.697631
1.043078
6.87722
8.369699
4.106311
3.076347
5.767788
5.076318
6.436747
6.522032
8.077109
1.807439
3.388485
2.586332
1.777707
1.663843
2.434803
8.770173
5.040569
2.643949
8.285893
7.631191
2.404566
1.750601
7.275288
3.213783
7.286338
6.095839
6.494845
6.278833
4.144009
6.985498
1.216597
1.488123
6.488387
5.291422
2.068876
1.459377
7.566548
1.811439
1.444591
2.284243
3.510876
1.904462
5.791359
2.941153
6.15285
6.118934
1.177385
5.769258
5.620483
6.230165
6.63915
4.57665
7.882993
8.9128
6.417686
3.938666
8.78224
4.359838
2.972534
1.264887
4.585287
1.294239
5.966546
8.20423
8.203754
5.464902
3.733553
6.499327
3.341313
8.32911
6.623133
1.566678
8.169709
5.417899
6.08682
1.555529
8.569358
2.153329
4.905711
3.803792
3.989869
2.830075
8.223734
8.706877
2.6284
4.568821
1.764406
8.758046
1.986769
5.049118
4.028351
7.924759
1.715195
4.784053
3.353089
4.721231
6.44053
3.9063
5.961743
5.377742
4.545413
3.786582
1.43219
8.722226
2.763988
2.008133
4.296153
5.670428
3.622386
3.11644
7.487825
1.339948
8.346775
4.819297
2.712819
1.191555
7.363406
1.077829
5.202539
3.943486
4.452334
5.016097
4.383031
5.199443
2.45789
4.356361
8.862773
4.847725
7.448728
8.825376
2.521387
4.950866
2.74541
5.925137
4.142347
2.059054
4.492672
6.326161
7.129328
8.010298
5.191387
2.3609
4.287096
5.389742
1.111629
1.868725
1.784356
7.502
1.075491
5.100155
3.497982
4.759987
6.315203
6.078422
7.866437
5.740505
2.456147
1.135061
8.217438
3.700321
3.221212
2.148114
3.117948
7.92316
3.277037
2.816594
1.453686
1.494137
7.754488
3.114028
4.483732
7.310579
7.003228
2.43133
8.124129
3.607588
2.44799
4.888345
8.290038
6.47945
6.331398
2.755947
4.237983
6.817977
7.131043
4.022868
4.783187
2.427002
2.875081
3.897471
8.736786
7.591416
6.964301
3.610831
7.604619
4.40706
8.063627
4.367721
7.65873
2.371029
4.415697
6.964363
1.299817
5.364948
1.952065
2.176287
6.882191
7.55092
4.036499
2.739785
5.837761
2.761601
2.228784
6.909993
8.256822
6.402549
8.147585
6.814428
5.444651
2.975855
4.53569
1.508641
8.331623
4.153328
8.321188
8.953173
1.670719
2.61973
2.39754
8.680424
2.894748
7.634953
1.119399
6.866146
4.62326
1.531928
1.806852
4.133032
5.431575
2.740401
6.394036
3.737935
8.414333
1.05604
2.22495
4.74991
6.500205
3.025916
2.443765
5.655891
8.93962
2.727694
6.172627
8.983627
1.667935
6.418656
5.076294
5.584877
7.726515
4.427014
7.446974
8.303767
6.059998
1.642416
1.5676
2.504746
5.698176
8.068237
8.261129
5.287968
3.308983
7.389022
4.724004
6.761966
4.152862
8.915677
5.973435
6.894673
3.426562
7.560336
4.776168
6.639113
7.208503
2.431333
8.076834
4.592015
6.008333
1.296931
7.206338
4.103605
6.891099
8.797959
4.459422
1.517753
5.075313
8.277071
1.46505
2.575382
3.132964
2.305991
2.0545
7.650608
1.119585
4.092265
2.299611
3.42801
7.367998
2.173175
5.339775
2.882805
6.432144
1.965466
8.218796
8.739895
2.283478
8.59863
5.152145
7.901773
2.000706
1.006201
1.990218
8.050248
3.954858
7.471274
1.545535
6.886556
7.607555
6.795186
3.460997
1.775805
3.682161
4.737133
7.554268
6.1852
3.355585
5.99791
6.516455
1.668448
